rgb_2019-05-16_10_57_22.182145.jpg,30.9375,594.93994140625,320.97821044921875
rgb_2019-05-16_11_27_47.671145.jpg,10.683333333333334,349.469970703125,212.97984313964844
rgb_2019-05-16_11_27_54.775466.jpg,10.686197916666666,352.9139404296875,211.72506713867188
rgb_2019-05-16_13_54_09.931427.jpg,26.885416666666668,542.2512817382812,341.5322265625
rgb_2019-05-16_14_10_52.961142.jpg,29.19817708333333,582.5029907226562,320.8989562988281
rgb_2019-05-16_14_19_12.999060.jpg,34.350520833333334,622.9292602539062,365.5748596191406
rgb_2019-05-16_10_57_22.182145.jpg,30.9375,594.93994140625,320.97821044921875
rgb_2019-05-16_11_27_47.671145.jpg,10.683333333333334,349.469970703125,212.97984313964844
rgb_2019-05-16_11_27_54.775466.jpg,10.686197916666666,352.9139404296875,211.72506713867188
rgb_2019-05-16_13_54_09.931427.jpg,26.885416666666668,542.2512817382812,341.5322265625
rgb_2019-05-16_14_10_52.961142.jpg,29.19817708333333,582.5029907226562,320.8989562988281
rgb_2019-05-16_14_19_12.999060.jpg,34.350520833333334,622.9292602539062,365.5748596191406
rgb_2019-01-22_21_27_19.519439.jpg,21.27942708333333,721.6605224609375,284.0517272949219
rgb_2019-01-22_21_52_24.763605.jpg,41.84921875,993.4741821289062,344.4003601074219
rgb_2019-01-22_22_17_08.995099.jpg,39.828125,714.9176635742188,448.28411865234375
