0
22.29
49.14
37.29
1
37.71
63.29
43.57
2
50.43
69.71
48.86
3
50.71
79.29
59.14
4
15.71
32.29
21.86
green,lime,gray,lime,green
0
21.43
49.71
37.29
1
37.71
63.43
43.57
2
50.43
69.57
48.86
3
50.57
79.29
59.00
4
15.71
32.57
22.00
green,lime,gray,lime,green
0
21.14
49.14
37.71
1
37.86
63.57
43.43
2
50.43
69.71
49.00
3
50.71
79.29
58.86
4
15.43
32.14
21.43
green,lime,gray,lime,green
0
22.57
49.14
37.29
1
37.71
63.29
43.57
2
50.57
69.71
48.71
3
50.43
79.14
58.86
4
15.43
32.29
21.71
green,lime,gray,lime,green
0
21.57
49.57
37.14
1
37.57
63.29
43.14
2
50.29
69.43
48.71
3
50.71
79.29
58.86
