4
66.86
49.14
23.29
orange,orange,orange,orange,orange
0
70.86
63.00
33.71
1
103.00
77.71
39.71
2
104.57
76.00
40.43
3
117.00
89.57
51.29
4
66.43
49.00
22.29
orange,orange,orange,orange,orange
0
71.57
63.00
34.14
1
102.86
77.57
39.86
2
104.57
76.00
40.00
3
116.57
89.71
51.57
4
66.43
49.14
22.57
orange,orange,orange,orange,orange
0
70.71
63.29
33.71
1
102.29
77.86
39.57
2
105.14
75.86
40.57
3
116.29
89.57
51.14
4
66.57
49.29
22.43
orange,orange,orange,orange,orange
