1
22.57
36.00
44.00
2
33.86
43.43
52.14
3
33.14
48.43
62.86
4
10.00
16.14
20.14
0
16.29
29.14
40.86
1
22.71
35.86
43.43
2
34.14
42.86
52.00
3
33.29
48.29
62.86
4
9.86
16.14
19.71
0
16.43
29.29
40.86
1
22.86
35.71
43.57
2
34.00
43.14
52.43
3
33.29
48.43
63.00
4
9.71
16.00
20.14
0
16.43
29.14
41.00
1
22.86
35.71
43.86
2
34.00
42.86
52.29
3
33.29
48.43
63.14
4
10.29
15.71
20.14
0
16.57
29.57
41.43
1
23.00
36.29
44.00
2
34.29
43.00
52.29
3
33.43
48.71
63.29
4
9.14
16.00
20.14
0
16.43
29.00
40.71
1
22.86
35.43
43.29
2
34.00
42.71
51.86
3
33.14
48.00
62.86
4