3
34.57
59.86
69.86
4
11.86
21.00
24.00
0
18.00
37.43
46.71
1
24.29
44.43
49.43
2
35.00
52.43
58.14
3
34.57
59.71
70.14
4
11.43
21.00
24.29
0
18.43
37.43
46.71
1
24.43
44.00
49.29
2
35.00
52.43
58.00
3
34.57
59.86
70.14
4
11.86
21.00
24.29
0
18.00
37.57
47.00
1
24.00
44.43
49.43
2
34.86
52.57
58.00
3
34.57
59.86
70.14
4
11.43
21.00
24.00
0
18.14
37.57
46.29
1
24.43
44.43
49.14
2
35.00
52.29
58.00
3
34.71
60.00
70.14
