105.00
94.43
4
69.00
61.57
46.14
0
75.29
77.29
66.57
1
102.86
91.57
74.14
2
103.57
90.71
77.86
3
115.29
104.86
94.43
4
69.14
61.57
46.14
0
75.43
77.43
67.00
1
103.57
91.86
74.43
2
103.71
90.86
78.00
3
114.86
104.86
94.57
4
69.14
61.43
46.14
0
75.14
77.29
66.71
1
103.29
92.14
74.43
2
103.57
91.00
78.14
3
114.86
104.86
94.43
4
68.86
61.43
46.43
0
75.43
77.29
66.71
1
103.29
92.00
74.57
2
103.86
90.71
78.00
3
115.29
104.71
94.43
4
69.00
61.43
46.14
0
75.43
77.29
66.86
1
103.29
92.00
74.43
2
103.71
90.71
77.86
3
114.71
105.00
