3
92.14
93.14
55.86
4
40.71
46.71
23.14
0
53.71
65.86
38.86
1
77.71
79.00
43.71
2
84.00
80.86
46.14
3
92.14
92.71
56.00
4
40.57
46.71
23.57
gray,lime,gray,lime,lime
0
49.86
65.14
38.29
1
77.14
78.86
43.57
2
84.71
80.86
46.29
3
91.86
92.57
55.86
4
40.29
46.43
23.29
gray,lime,gray,lime,lime
0
49.71
65.14
38.29
1
77.14
78.86
43.14
2
84.43
81.14
45.86
3
91.71
92.43
56.00
4
40.14
46.29
23.14
gray,lime,gray,lime,lime
0
49.57
65.00
38.14
1
77.00
78.71
43.00
2
84.14
80.86
45.86
3
91.71
92.43
55.86
4
40.14
46.14
23.14
gray,lime,gray,lime,lime
0
49.43
64.86
38.00
1
76.57
78.57
43.43
2
84.00
80.71
45.71
3
92.00
92.57
56.00
4
40.29
46.57
23.14
