
79.29
73.86
59.29
2
83.86
74.43
64.29
3
94.14
88.00
79.86
4
41.14
42.57
31.86
0
55.29
61.71
54.14
1
79.00
73.86
59.29
2
83.57
74.57
64.14
3
94.43
88.29
79.57
4
41.29
42.71
31.29
0
54.86
61.57
54.14
1
79.00
74.00
59.00
2
83.71
74.71
64.29
3
94.57
88.00
79.71
4
41.43
43.29
31.43
gray,gray,gray,white,gray
0
53.00
61.14
54.00
1
78.71
73.43
59.29
2
83.57
74.71
64.29
3
94.57
88.00
79.71
4
41.29
42.00
31.43
gray,gray,gray,white,gray
0
53.00
61.43
54.43
1
78.43
73.57
59.00
2
83.57
74.71
64.14
3
94.14
87.86
79.57
4
40.57
42.43
31.57
gray,gray,gray,white,gray
0
53.43
61.57
53.86
1
78.71
73.43
59.00
2
83.71
74.43
64.14
3
94.00
87.86
79.71
4
41.00
42.43
32.00
0
55.29
61.43
54.14
1
78.71
73.71
59.14
2
83.43
74.86
64.14
3
94.14
88.14
79.57
4
41.14
42.71
31.86
