0
68.71
43.29
23.71
1
99.86
55.43
26.29
2
103.86
47.43
30.14
3
115.71
56.43
36.86
4
61.71
32.29
14.29
red,red,red,red,red
0
68.57
42.86
23.71
1
99.57
55.14
26.29
2
103.29
47.43
30.29
3
115.14
56.43
36.71
4
61.57
32.57
14.29
red,red,red,red,red
0
68.43
43.29
23.71
1
99.86
55.29
26.43
2
103.86
47.43
30.29
3
115.14
56.43
36.86
4
61.57
32.57
14.71
red,red,red,red,red
0
68.57
43.71
22.86
1
99.57
55.14
26.14
2
103.71
47.43
30.57
3
115.29
56.71
36.86
4
62.00
32.86
14