39.57
30.00
3
71.43
44.71
34.43
4
25.00
21.43
13.00
red,red,red,red,red
0
32.29
31.00
22.43
1
53.71
41.57
24.43
2
65.00
39.57
29.43
3
71.43
44.71
34.71
4
24.86
21.71
12.14
red,red,red,red,red
0
32.43
31.00
22.29
1
53.86
41.14
24.57
2
64.86
40.00
29.29
3
71.29
44.71
34.29
4
24.71
21.43
12.71
red,red,red,red,red
0
32.29
31.29
21.71
1
53.86
41.14
24.29
2
64.86
39.71
29.86
3
71.57
45.14
34.43
4
24.86
21.43
12.14
red,red,red,red,red
0
32.14
31.14
22.43
