2
62.86
39.57
35.14
3
68.86
44.71
41.71
4
23.43
20.86
14.71
0
34.57
31.00
26.57
1
51.71
40.57
28.86
2
62.71
39.57
35.00
3
69.00
44.57
41.57
4
23.29
20.57
14.29
0
34.14
31.57
26.57
1
52.14
40.57
28.86
2
62.71
39.86
35.29
3
69.14
44.71
41.71
4
23.43
20.71
14.29
0
34.14
31.57
27.14
1
51.57
40.71
28.57
2
62.71
39.71
34.86
3
69.00
44.71
41.71
4
23.29
20.86
14.43
0
34.71
31.86
26.14
1
52.14
40.86
29.00
2
62.86
39.43
35.14
3
69.14
44.86
41.71
4
23.71
21.00
15.00
0
33.00
30.57
26.29
1
50.71
40.14
28.29
2
62.29
39.43
35.00
3
69.71
44.57
41.86
4
24.14
21.14
14.57
0
33.00
31.00
26.00
1
50.71
39.57
28.29
2
62.57
39.57
35.00
3
69.43
45.29
42.43
