355
356
354
357
355
361
362
356
356
356
360
406
402
253
314
341
363
371
374
377
379
383
387
391
393
395
396
393
383
371
360
353
348
349
348
349
349
352
350
352
353
353
353
354
354
354
353
353
354
353
356
356
353
361
361
355
354
355
363
412
399
254
316
338
366
372
375
378
381
385
389
393
397
400
400
396
384
372
361
352
349
346
347
348
351
350
350
352
353
353
354
354
353
353
352
352
353
353
355
354
355
355
354
358
363
359
356
356
355
397
419
284
293
333
355
371
375
377
381
384
387
391
394
399
401
398
391
378
365
354
349
347
347
348
348
349
349
350
352
352
353
354
353
351
351
352
352
354
353
353
352
353
353
359
363
356
353
354
353
402
421
264
290
331
357
370
375
380
382
385
388
391
397
401
405
403
396
380
364
353
349
346
346
345
347
347
348
350
351
351
351
350
349
348
349
351
351
353
353
353
352
354
361
361
354
353
353
365
410
393
252
317
336
366
372
376
380
382
385
388
391
397
401
402
397
386
372
360
352
350
348
347
349
349
351
351
354
354
354
352
352
352
353
354
356
356
354
361
357
354
354
354
383
406
334
269
329
346
370
374
375
378
380
382
386
389
391
392
390
384
377
365
358
353
349
348
348
350
353
353
352
353
353
354
355
355
353
355
354
353
359
361
356
356
356
364
401
392
261
321
341
363
372
373
375
379
381
383
385
387
390
389
386
378
369
360
353
352
352
351
351
354
354
354
354
354
355
356
355
355
356
354
359
363
356
355
357
361
397
397
264
320
344
359
370
372
374
377
380
382
385
385
387
387
383
375
366
358
352
351
350
349
351
352
350
353
353
353
354
354
353
354
354
354
359
360
355
352
353
363
402
385
263
325
341
363
368
373
376
377
381
383
385
389
390
389
385
375
365
355
350
348
349
351
351
351
351
352
353
355
354
354
354
353
354
354
356
355
363
361
353
354
354
364
407
391
262
323
339
366
372
376
379
383
383
386
390
393
396
395
389
379
367
358
353
351
350
349
350
350
352
353
353
354
353
354
353
353
353
353
353
355
353
360
363
354
354
355
355
403
409
252
306
334
362
372
375
377
382
386
389
391
395
398
399
397
387
376
362
353
348
347
350
350
351
353
351
353
352
353
354
352
352
352
351
352
352
353
354
358
361
354
352
354
358
401
406
264
306
335
357
372
376
377
379
380
384
387
390
392
393
389
383
372
362
354
351
348
347
348
350
352
352
353
354
352
352
352
353
354
354
354
358
360
354
354
354
359
398
395
259
315
338
360
371
373
374
376
380
382
384
386
387
387
384
377
369
358
355
351
350
350
351
353
354
355
354
356
354
356
355
355
356
354
357
362
361
356
356
355
377
398
344
278
331
348
366
370
372
375
378
380
382
384
386
388
387
381
372
364
357
353
352
352
353
352
354
354
354
355
355
355
357
355
355
356
356
360
360
354
355
355
376
397
339
282
332
345
366
367
371
374
376
379
380
382
386
386
384
379
369
361
354
350
350
350
351
351
352
353
353
354
355
355
355
353
354
354
355
356
362
361
353
353
355
371
403
365
276
330
343
365
370
373
375
378
380
381
386
388
389
388
382
371
363
354
351
350
349
350
351
351
352
353
353
354
352
352
353
353
353
354
355
356
355
361
360
354
355
355
374
405
343
272
329
345
369
369
373
376
378
383
386
389
391
392
391
384
374
363
355
348
346
346
347
348
349
351
351
350
352
352
352
351
351
352
350
351
351
353
352
356
361
354
351
352
354
394
409
274
288
330
353
369
373
377
380
383
387
390
393
398
398
395
388
375
364
355
350
349
348
348
350
352
352
353
354
353
352
354
354
354
354
354
354
353
355
357
356
359
364
356
354
355
359
400
409
265
305
337
359
372
378
379
381
381
384
387
390
393
393
391
384
373
363
357
353
352
349
350
352
354
355
356
357
355
354
355
356
356
356
356
356
355
362
361
357
356
358
382
400
334
279
333
350
371
373
376
378
378
382
384
386
388
389
388
384
375
367
359
355
352
352
354
353
355
355
356
355
356
357
357
356
356
355
356
356
362
362
359
356
355
368
397
383
270
328
344
364
370
374
374
379
378
381
382
385
388
387
383
374
366
358
354
353
353
353
354
353
355
356
357
358
359
358
357
357
357
358
358
362
363
356
355
355
363
399
392
269
322
344
360
370
372
376
378
379
379
383
387
388
387
381
372
363
357
353
352
351
351
350
351
353
356
356
356
357
356
355
355
355
357
356
356
355
363
362
356
357
357
369
405
368
274
329
345
368
370
374
376
379
382
384
387
389
391
390
384
375
366
357
352
350
349
348
350
351
352
353
352
353
352
354
354
354
353
353
353
354
356
356
359
362
360
354
356
356
387
408
305
286
331
350
369
373
377
379
382
385
390
393
395
397
392
386
375
363
355
351
348
348
348
349
351
352
353
352
352
352
352
354
353
354
352
352
354
353
354
354
355
359
360
356
353
354
355
398
408
262
298
332
359
371
374
377
381
384
387
392
397
398
398
396
389
377
365
356
350
348
347
349
351
351
351
352
353
352
353
353
353
353
353
353
354
353
355
356
356
360
363
355
355
357
362
402
403
258
308
338
362
371
374
377
380
380
383
385
391
393
392
389
380
371
362
356
351
348
349
350
352
353
354
355
355
354
354
354
354
355
354
353
354
355
355
363
361
355
354
355
380
396
329
278
331
347
367
372
374
377
379
382
383
384
388
390
389
383
373
363
357
352
352
352
352
353
353
353
354
356
356
356
355
355
353
356
357
357
356
362
360
354
355
356
374
397
363
272
328
344
366
372
375
376
376
379
381
384
386
389
386
381
372
365
359
354
352
351
350
351
353
355
354
355
354
353
354
354
354
355
356
355
355
361
359
356
354
356
388
397
293
299
338
352
369
369
373
376
379
382
384
386
387
386
385
378
368
361
353
352
350
352
353
353
354
353
353
354
355
356
356
355
353
354
353
354
358
363
360
353
353
353
376
403
338
280
333
345
368
370
375
378
380
382
385
388
390
391
390
383
372
362
354
351
352
351
351
350
351
353
353
354
354
354
353
352
352
354
353
354
353
353
355
362
361
355
355
355
376
407
334
274
330
345
369
371
374
380
381
384
388
390
394
394
393
390
377
365
354
349
347
349
348
350
350
350
351
352
354
354
353
351
353
352
352
352
353
354
353
353
361
361
354
357
354
368
403
374
268
326
342
368
374
375
379
382
385
388
391
393
394
394
389
381
369
360
353
350
349
352
353
354
355
354
355
355
355
354
354
354
353
353
354
354
356
358
364
358
354
356
358
393
401
284
297
335
352
372
374
376
378
377
381
385
388
388
390
386
381
370
362
357
353
350
350
351
352
353
354
356
356
356
356
354
355
356
356
357
358
355
362
361
356
357
358
379
399
341
275
331
347
369
371
374
375
378
379
382
383
386
387
386
379
373
365
358
353
351
350
352
354
355
355
356
355
356
356
356
356
354
354
355
354
360
362
355
355
354
363
396
391
262
320
341
360
369
372
374
378
379
379
383
385
387
387
381
373
364
356
352
351
351
351
352
352
352
354
355
356
356
355
355
355
355
355
356
357
356
363
359
353
356
356
386
403
311
294
336
351
369
374
375
376
379
382
384
389
391
390
388
381
369
361
355
353
351
350
350
351
353
355
354
354
353
354
355
355
355
355
353
354
354
355
360
362
359
354
355
355
392
409
284
297
334
356
369
374
378
381
384
385
389
391
395
395
393
385
372
361
354
352
349
349
351
350
351
351
352
355
354
353
352
354
354
353
354
355
355
354
354
355
356
364
363
355
353
355
362
411
381
259
322
339
368
372
376
378
383
385
388
393
396
398
399
396
382
370
358
352
349
348
349
350
351
352
354
355
357
353
353
352
352
354
353
353
353
353
353
355
356
356
357
362
364
355
355
356
366
404
391
261
317
339
368
372
376
377
379
381
385
387
392
393
394
391
381
372
362
355
353
349
350
349
352
352
354
353
352
353
353
354
354
354
352
351
352
353
353
356
362
355
352
352
355
393
399
273
300
336
353
370
372
375
377
379
380
383
386
389
389
387
377
369
361
354
354
352
351
352
351
353
354
355
356
357
355
355
354
355
356
358
356
357
356
363
359
356
357
357
391
397
288
300
340
356
371
372
374
375
380
381
383
386
387
389
385
380
371
363
356
352
350
352
353
353
354
356
356
354
356
356
356
356
354
354
353
356
356
363
359
354
354
355
389
398
301
296
337
350
368
370
373
376
377
378
381
383
386
386
385
377
368
358
353
352
351
351
350
349
352
353
355
356
356
355
355
353
354
354
355
356
356
356
357
363
363
358
357
354
372
402
353
279
331
345
368
371
375
377
380
384
386
386
390
390
389
385
376
365
356
351
350
350
353
353
353
353
353
355
356
355
355
354
354
354
354
354
355
356
356
354
358
362
360
356
357
356
388
406
293
291
331
353
370
373
376
380
383
385
389
392
395
395
394
388
376
365
354
349
348
348
350
351
350
352
352
352
353
353
354
353
352
352
352
352
354
354
354
354
353
354
361
364
357
354
353
356
405
404
257
309
335
364
370
376
378
383
386
389
393
395
398
398
397
387
374
363
355
351
349
349
350
351
351
352
353
354
354
354
353
353
353
354
355
354
354
354
354
356
356
365
362
356
355
355
372
405
378
265
322
342
368
373
377
381
383
383
385
388
392
394
393
391
383
369
361
355
353
352
352
351
350
352
355
355
354
353
354
352
353
353
354
354
353
354
354
360
359
355
354
355
374
397
354
267
323
341
366
371
372
375
377
380
381
384
387
388
387
385
375
366
358
353
350
350
350
353
353
354
353
355
356
356
355
354
354
355
353
355
356
363
360
352
354
354
379
399
345
275
326
343
365
370
374
376
376
379
380
382
384
387
387
379
372
362
356
353
351
351
351
351
351
354
355
355
356
354
355
354
356
355
357
355
360
359
352
354
356
378
402
353
276
329
344
367
372
374
374
379
380
382
386
388
389
387
380
372
362
357
352
351
351
350
352
354
355
355
355
355
355
355
356
357
356
355
353
360
362
356
355
356
362
403
389
260
323
339
365
369
373
375
379
381
385
388
390
392
392
386
377
367
358
350
349
348
349
350
351
352
353
352
352
354
356
354
354
352
352
354
354
359
363
356
353
353
353
389
411
285
292
333
353
371
374
378
381
383
385
388
393
397
398
395
387
375
361
353
352
348
349
349
348
350
351
352
353
354
352
352
352
352
353
354
353
354
354
356
356
365
363
356
356
355
370
412
367
262
326
341
368
371
377
379
383
385
388
391
397
400
400
396
382
368
356
350
348
348
348
349
349
350
353
352
354
352
353
353
352
353
354
353
354
353
354
354
356
364
359
355
355
355
394
410
293
292
335
352
371
375
376
379
383
384
387
390
393
393
392
385
375
364
357
355
351
353
354
354
355
356
356
357
358
357
355
355
356
356
356
356
357
358
355
361
362
356
357
359
384
401
323
283
334
349
370
371
374
376
378
380
383
385
387
388
385
382
373
364
356
353
351
350
352
353
353
354
356
355
357
356
356
354
354
354
354
355
356
357
356
362
359
355
356
356
390
400
298
298
339
352
370
371
374
374
376
379
382
385
390
388
385
377
369
361
354
351
350
349
348
350
351
353
354
354
354
353
353
354
354
355
355
354
354
354
359
363
357
354
353
357
398
404
269
314
338
357
366
370
374
377
378
380
383
386
390
389
385
375
366
356
350
350
349
349
349
349
351
351
353
353
353
354
354
352
352
354
354
353
353
353
354
358
361
358
354
354
353
389
408
293
292
333
352
369
370
375
378
382
385
387
390
394
395
394
387
374
362
353
349
348
349
350
350
351
353
351
352
354
354
354
353
352
351
353
353
355
353
352
354
355
356
355
362
362
357
355
353
357
403
411
268
302
335
360
372
374
378
382
382
385
389
392
396
400
396
387
374
364
354
351
349
347
348
349
350
351
353
354
354
354
354
353
354
354
353
353
353
353
355
355
355
354
353
353
356
359
357
359
364
355
355
355
365
404
396
266
317
341
362
372
375
376
379
379
381
385
388
392
393
390
380
371
361
355
352
350
349
349
350
351
352
355
354
354
352
354
354
355
356
354
354
355
355
356
356
356
356
356
357
357
362
364
358
356
356
375
400
357
278
330
346
367
371
372
376
378
380
381
385
388
389
391
384
377
367
359
354
350
350
352
354
354
354
354
356
357
358
356
356
355
354
355
356
357
357
356
356
357
357
358
364
364
356
357
356
373
401
364
278
330
345
366
371
374
376
378
378
380
384
387
389
389
383
375
364
355
352
352
351
350
350
350
351
353
353
355
355
354
354
353
353
354
355
354
353
354
355
356
357
363
360
354
355
355
374
406
358
284
329
346
369
373
376
376
378
380
383
386
389
391
390
384
373
363
356
352
351
350
349
348
350
350
352
352
353
353
352
352
353
353
353
354
352
353
354
355
355
358
361
360
354
355
355
383
410
326
281
329
346
370
373
376
378
380
383
386
391
396
396
395
388
377
366
356
351
348
348
348
349
350
351
352
352
353
353
354
353
354
356
355
354
354
354
354
356
364
362
354
354
355
365
410
373
265
323
339
367
372
376
380
383
385
387
392
397
399
400
395
383
369
358
352
349
349
348
349
349
349
352
353
354
353
352
352
354
353
354
355
354
355
355
355
363
362
355
354
354
366
406
386
266
319
341
366
372
375
378
381
383
384
387
391
396
397
393
382
369
359
353
350
352
350
351
351
352
353
354
356
356
353
354
352
353
356
354
356
358
362
357
355
355
358
398
403
268
303
337
355
371
373
375
377
379
381
383
388
391
391
387
380
369
363
355
353
350
350
349
350
352
355
354
355
354
353
356
354
355
356
358
355
361
361
356
357
356
377
401
357
278
330
348
368
372
375
374
378
380
381
383
387
389
387
381
374
364
356
352
350
350
351
352
353
354
354
355
355
355
356
355
355
355
354
358
362
357
355
355
361
396
393
267
321
344
361
367
372
374
377
380
382
383
385
387
387
382
375
365
358
352
351
350
352
352
353
353
353
354
356
356
357
356
355
355
354
356
358
363
357
352
354
354
396
404
272
308
337
355
367
371
375
378
379
381
383
387
390
391
387
379
369
359
352
350
351
351
350
352
351
352
353
353
354
354
353
353
353
353
355
355
356
357
362
359
354
355
354
378
406
325
274
329
345
369
371
375
377
381
385
388
391
394
396
393
387
378
366
357
351
349
347
348
350
350
351
351
352
351
352
353
354
352
352
352
352
353
353
353
354
356
361
360
354
356
355
377
411
335
264
326
343
369
373
376
379
382
386
390
395
399
400
398
394
383
371
360
352
348
348
349
350
352
353
353
354
353
353
354
353
353
353
354
352
353
356
355
356
354
355
355
361
363
357
356
356
367
405
388
261
319
341
366
373
374
378
382
383
386
387
391
394
394
391
385
374
361
353
349
348
350
351
353
353
352
354
354
353
355
354
352
353
353
353
353
354
356
356
361
356
354
355
358
392
401
283
296
337
354
371
374
375
377
379
382
383
388
388
390
386
380
370
362
356
353
350
350
349
353
354
356
356
356
355
356
355
357
357
356
355
355
356
358
364
358
355
355
358
396
400
269
314
343
358
369
371
373
377
380
381
383
384
387
388
384
379
368
359
353
351
351
351
352
352
351
352
354
355
356
355
354
352
352
353
354
356
360
358
352
352
353
379
397
328
286
332
347
365
369
371
374
376
378
379
382
385
387
384
378
367
359
353
350
351
350
350
350
350
353
354
355
356
355
354
354
354
355
355
356
355
360
361
356
353
356
356
396
402
268
309
338
356
369
371
372
377
379
384
385
389
390
389
387
379
369
360
353
350
348
347
348
350
353
353
353
354
353
355
354
354
354
353
352
353
354
355
361
363
357
352
354
355
400
407
262
301
333
358
370
374
380
382
384
387
390
394
400
399
397
388
375
363
354
351
349
349
350
350
351
351
353
354
354
353
353
354
352
352
354
354
354
353
353
357
362
360
353
352
353
372
412
338
262
327
341
368
371
376
380
383
386
390
394
397
400
398
394
381
368
358
350
348
348
349
350
351
351
352
353
353
353
353
351
352
352
352
352
354
352
353
354
355
359
358
353
352
353
378
403
337
271
327
344
369
371
375
378
381
382
384
387
390
394
393
390
380
368
358
354
350
353
352
353
352
355
356
354
356
356
356
356
354
353
354
354
356
357
362
362
353
355
356
376
401
363
266
324
342
367
373
374
377
377
380
381
386
389
392
387
384
376
368
360
355
354
352
350
351
354
356
356
357
358
355
355
355
356
356
356
358
355
359
361
357
357
358
373
398
370
272
329
344
366
372
373
374
376
379
382
383
385
388
387
383
375
367
357
354
351
351
352
353
354
356
355
354
354
353
355
356
355
354
354
354
354
361
362
356
355
355
362
400
394
266
324
341
359
369
372
375
378
379
380
382
385
388
388
382
375
364
356
352
351
352
352
352
351
353
352
354
356
356
355
354
353
353
354
355
355
355
356
359
360
354
355
355
370
402
356
271
327
343
367
369
374
376
379
382
384
387
391
392
390
384
376
365
357
351
349
348
349
350
352
352
352
352
352
352
353
355
354
354
352
353
354
355
356
356
362
363
354
353
353
357
403
399
250
310
333
363
369
373
378
380
383
386
389
394
395
396
392
383
371
360
352
349
349
347
349
351
351
353
354
354
353
352
352
353
354
352
354
353
352
353
354
356
354
358
361
356
353
353
356
393
409
284
289
333
355
372
375
377
379
383
387
390
394
397
398
396
390
378
367
357
352
349
349
349
350
353
354
355
353
352
353
354
353
352
353
354
354
352
353
354
356
356
356
362
361
357
357
357
370
402
379
260
321
341
366
374
374
377
378
381
383
387
390
391
391
387
379
371
361
357
352
351
351
353
355
356
354
354
353
355
354
354
354
353
353
354
354
356
356
357
361
361
353
356
354
373
399
367
266
324
343
366
372
374
376
379
378
381
386
388
390
389
383
376
366
360
357
353
352
352
352
354
355
357
357
358
357
355
355
356
357
357
357
356
356
358
364
359
357
357
359
395
398
270
311
342
357
371
372
376
377
378
381
381
383
386
386
384
377
368
361
355
352
350
352
352
353
354
354
354
356
355
355
356
354
353
352
352
354
355
356
361
360
353
353
354
368
400
366
271
326
343
366
369
373
375
377
379
381
384
388
389
388
383
373
363
357
352
351
350
350
350
352
354
354
354
355
355
353
355
354
355
355
354
354
353
354
359
363
357
354
354
355
400
403
262
309
336
361
369
374
377
380
384
386
387
391
394
393
391
382
371
360
352
351
349
350
350
349
351
351
351
353
354
352
352
351
352
352
352
352
352
352
352
352
357
361
359
354
353
353
376
408
321
271
331
345
368
370
375
378
383
386
388
392
395
398
398
393
380
367
357
351
350
349
349
351
351
351
353
353
355
353
352
352
351
351
352
353
353
353
354
353
354
356
356
356
363
361
356
354
356
372
407
368
267
325
342
368
373
377
378
381
383
384
390
394
397
396
391
381
372
362
353
351
350
348
349
350
353
355
355
353
354
353
354
354
353
352
353
353
353
354
353
356
357
356
358
363
355
356
357
366
399
392
260
316
340
363
374
376
377
379
379
384
387
388
391
390
386
379
370
363
357
351
350
352
351
354
355