395
396
397
397
397
395
395
397
394
393
392
387
381
377
373
369
366
361
358
354
351
349
351
348
348
347
347
346
346
347
347
346
348
349
350
350
350
350
349
352
353
352
351
353
357
359
358
359
359
361
361
361
360
357
353
350
348
348
347
346
346
347
354
375
393
399
400
393
332
234
188
212
255
283
304
316
328
342
358
367
370
371
373
375
377
378
379
382
383
385
386
388
389
391
392
394
394
395
397
396
396
397
396
396
393
390
387
382
378
373
367
363
359
355
353
352
349
347
346
347
346
344
344
343
343
343
343
344
344
345
346
345
344
345
347
348
349
349
350
353
355
357
359
359
359
361
363
361
358
353
350
348
346
346
347
345
346
350
368
386
393
392
385
326
227
186
210
250
279
300
314
331
347
362
370
373
374
375
376
377
380
383
384
386
387
390
392
394
395
397
399
400
402
404
405
406
405
405
403
401
400
397
391
384
378
371
366
362
358
354
352
350
348
347
346
346
346
344
344
344
344
345
345
346
346
347
346
346
347
347
348
348
348
348
351
354
358
358
360
359
360
362
363
360
355
351
349
347
348
347
348
347
349
361
384
397
397
389
359
267
192
192
231
267
292
309
324
342
360
368
372
372
373
376
378
380
381
384
387
388
389
391
393
395
397
400
401
403
404
406
407
406
407
405
403
400
398
393
385
380
374
368
362
357
353
350
348
347
345
345
344
343
342
342
341
342
343
343
344
344
344
345
345
344
344
344
345
346
347
346
347
350
353
353
354
353
355
356
357
355
351
347
343
341
340
341
340
340
342
352
376
391
392
387
364
277
193
182
217
255
282
301
318
337
355
365
367
368
370
373
374
376
378
381
382
385
387
389
390
393
394
398
399
400
401
401
403
403
404
402
401
399
397
392
387
380
374
367
361
355
352
348
345
343
342
342
342
342
342
343
343
344
345
345
345
344
346
347
347
347
348
347
348
348
348
348
348
349
352
355
356
357
356
357
359
361
359
353
350
346
344
343
344
345
343
344
352
372
390
397
397
386
312
219
190
214
250
280
302
318
337
357
368
372
374
375
375
377
381
383
383
385
387
390
393
394
395
396
398
400
403
404
404
406
405
404
405
403
400
399
395
390
384
378
372
366
360
356
352
348
345
344
343
343
343
343
342
342
344
343
344
345
347
346
346
346
348
348
347
348
349
349
350
350
351
353
356
355
354
356
357
358
359
360
355
350
347
344
344
344
345
346
345
350
368
391
402
405
404
364
266
192
192
233
268
294
309
320
340
359
371
373
375
377
378
380
381
384
385
387
389
390
392
392
393
395
398
398
399
398
398
399
400
399
398
397
393
390
386
381
375
371
365
362
357
354
351
349
347
347
344
344
344
344
343
344
345
346
348
348
349
350
350
350
350
349
349
349
351
352
352
353
354
356
357
357
356
358
360
360
359
355
351
348
346
345
346
346
347
346
351
368
391
405
408
406
373
276
198
191
233
272
297
312
321
337
355
370
374
375
376
378
379
381
384
386
387
387
389
392
391
392
394
395
396
397
397
396
397
398
397
395
395
393
388
384
380
376
370
367
363
360
356
353
350
349
347
347
345
344
345
344
345
343
344
345
347
347
348
347
349
349
350
351
351
352
352
354
354
357
360
358
359
361
361
362
362
361
359
353
349
347
346
347
347
348
349
356
377
396
406
408
401
346
247
191
205
249
282
304
314
326
342
359
370
373
375
376
377
379
380
383
384
385
387
388
389
391
391
392
395
395
395
396
397
398
396
395
395
394
392
388
384
378
374
369
364
361
357
354
351
349
348
347
345
345
344
345
344
346
346
346
345
347
348
348
348
347
349
350
351
351
350
351
354
356
356
355
355
357
359
359
359
355
352
348
346
346
346
345
346
346
349
366
386
398
402
399
367
275
198
194
234
272
301
315
321
337
353
366
371
374
374
375
378
379
380
381
384
386
386
388
389
391
393
394
395
395
396
397
397
396
395
396
393
392
388
383
377
372
368
364
359
356
352
351
349
347
346
344
344
344
344
343
344
345
346
346
348
348
348
348
348
350
349
350
351
353
353
355
358
358
359
359
360
361
361
361
357
352
348
347
347
346
345
346
346
355
377
392
395
392
381
307
215
189
221
261
288
308
320
338
354
368
373
375
375
375
377
381
383
384
385
387
389
390
392
394
396
399
401
402
402
403
404
406
406
404
403
400
397
392
387
381
375
369
364
358
353
351
350
348
346
346
346
345
344
344
345
346
346
347
347
348
348
349
350
350
351
351
352
353
352
353
356
357
358
361
361
362
362
364
361
356
350
347
346
345
346
345
344
346
358
379
393
395
388
363
275
194
188
229
267
295
313
327
343
361
372
375
376
377
378
380
381
384
385
387
388
392
394
397
398
400
402
403
405
406
408
408
408
407
406
406
403
398
393
386
380
373
368
363
358
353
351
349
347
346
344
343
342
343
344
344
343
344
346
346
346
348
348
349
347
349
349
349
349
349
349
351
351
354
355
356
357
357
357
360
361
358
354
350
347
344
344
344
345
344
346
354
375
394
396
393
376
293
206
189
221
259
288
307
322
341
358
369
373
375
376
378
380
381
382
384
386
389
391
393
395
396
398
399
401
402
403
405
406
406
406
406
404
402
398
394
388
381
374
367
360
355
351
347
345
344
343
341
340
339
339
338
339
340
340
341
341
342
343
344
344
345
345
345
345
346
347
346
346
348
348
350
353
355
355
354
354
357
359
359
355
349
345
343
342
343
342
342
343
344
356
378
393
397
395
367
276
196
187
224
261
287
304
324
344
362
370
374
375
376
377
380
381
384
385
388
389
391
392
395
398
399
400
401
403
405
406
405
405
406
406
405
402
399
394
388
383
376
369
363
358
353
349
345
345
343
342
342
340
339
340
339
340
341
343
344
345
346
346
348
347
347
347
348
349
349
349
349
348
349
350
353
354
353
355
356
357
359
360
356
352
347
345
344
343
343
343
342
344
350
369
389
399
401
398
337
240
192
205
244
276
299
311
327
346
364
371
373
374
376
380
380
382
385
386
386
388
390
392
393
396
398
398
399
401
402
402
403
403
402
400
398
396
391
386
382
377
371
364
360
356
352
350
346
345
344
342
342
342
341
248
268
294
60
380
379
381
382
385
387
387
388
390
391
395
396
397
396
397
398
398
398
399
399
397
395
393
391
387
382
376
372
368
363
359
355
352
350
347
347
346
344
343
345
343
343
344
346
347
348
348
347
348
350
349
350
350
352
351
352
352
352
352
353
356
357
356
357
356
359
359
360
359
356
350
348
347
346
345
347
346
345
350
371
394
405
407
407
366
269
199
198
240
277
301
314
322
338
356
369
373
375
377
378
380
381
382
385
387
386
388
390
392
393
394
396
396
396
398
399
400
399
397
397
396
392
389
385
380
375
371
364
358
355
3
378
379
2
395
396
400
401
402
404
406
407
406
407
405
404
402
399
394
388
382
374
368
361
357
352
349
346
344
342
341
341
343
341
340
340
340
341
341
343
343
342
344
346
345
344
345
346
346
346
347
347
347
348
351
354
356
357
356
355
356
358
358
353
350
345
344
342
342
342
342
343
346
354
377
393
396
393
371
280
200
192
227
263
289
308
324
343
362
370
373
374
376
377
379
381
384
386
388
390
393
393
395
398
400
402
405
406
407
408
408
409
410
408
406
404
402
395
388
381
374
368
361
356
351
348
346
345
344
342
342
342
341
341
3
360
360
35
345
346
353
375
395
404
408
404
353
254
194
202
245
278
302
314
322
339
356
368
372
373
375
376
376
377
381
384
384
386
388
387
389
392
393
395
397
396
397
398
398
398
397
398
394
391
387
384
378
372
367
363
361
356
352
350
348
347
346
346
345
344
344
345
345
345
346
346
347
346
347
348
350
350
350
350
350
351
353
353
353
356
359
358
356
357
358
360
362
361
357
354
350
347
346
346
345
345
347
348
361
384
400
403
402
391
318
226
192
219
261
291
310
318
330
346
362
369
372
374
375
377
379
379
381
383
384
386
387
388
391
381
382
398
400
402
403
405
407
410
411
411
411
411
409
408
404
400
394
387
379
372
365
360
355
351
348
344
343
343
343
344
343
341
341
342
342
343
344
345
345
344
345
346
345
346
347
347
348
348
348
347
348
350
350
353
355
355
356
355
357
358
358
354
350
347
344
343
343
343
343
344
345
355
377
394
397
393
371
284
200
186
220
257
286
305
321
340
361
371
374
376
379
380
382
384
386
389
390
393
396
397
400
401
403
405
406
408
409
410
411
412
413
411
410
409
404
397
389
383
376
370
364
358
354
350
348
345
343
344
343
343
346
346
376
405
411
411
394
311
216
187
218
261
288
305
314
328
345
362
370
373
374
376
378
379
381
381
383
383
384
387
389
389
390
391
393
395
395
395
395
398
396
395
392
391
387
382
377
372
369
363
358
354
350
348
346
344
341
340
340
340
340
338
338
338
339
340
341
341
342
343
343
343
345
346
345
344
343
345
346
345
345
347
351
351
350
350
351
352
354
354
354
351
345
341
340
341
340
339
340
341
350
371
392
402
404
398
343
244
186
197
241
273
297
309
318
334
350
361
365
367
369
370
372
374
375
376
378
379
382
383
385
386
387
38
343
341
391
395
389
372
290
200
182
217
257
287
306
320
338
357
368
373
373
375
378
380
381
383
384
386
389
391
393
396
398
400
403
405
408
409
411
412
412
412
411
409
407
403
396
390
382
376
368
362
357
352
350
347
344
343
342
342
341
341
342
342
343
342
342
342
344
344
345
345
345
346
346
346
345
346
347
347
349
349
350
353
355
354
356
357
358
359
359
355
352
347
344
344
342
341
342
343
345
354
375
393
397
394
378
298
211
191
218
255
283
303
320
340
360
371
374
375
375
377
380
384
385
387
389
391
392
395
396
399
400
402
406
406
424
448
464
469
469
453
371
277
248
278
320
349
369
380
394
410
425
434
436
439
441
442
443
444
447
448
447
449
452
453
454
455
455
455
457
457
456
455
455
455
454
451
449
444
438
432
427
421
416
410
407
402
398
396
394
392
390
389
387
387
385
385
382
381
382
382
382
381
382
382
380
382
382
383
382
384
384
384
384
384
386
388
387
387
387
387
389
389
389
385
380
376
374
371
371
370
369
368
371
383
406
419
422
421
401
315
224
202
233
272
300
318
326
338
353
368
375
375
377
378
380
381
381
382
383
384
386
388
388
4
353
350
335
329
323
317
312
306
301
298
296
294
292
292
290
290
290
292
291
290
291
292
292
293
293
294
293
295
296
295
297
297
297
297
299
300
300
301
303
307
308
308
310
311
312
312
313
310
304
302
301
299
299
299
299
300
301
311
336
351
356
355
335
247
158
144
183
222
247
264
279
297
317
329
333
335
335
337
340
342
343
346
348
350
354
357
360
361
363
367
369
371
373
374
375
375
375
375
373
370
366
360
353
345
338
331
325
321
316
313
311
309
309
308
307
309
309
308
309
310
310
311
313
313
313
314
315
317
318
318
319
321
362
364
560
350
349
348
348
347
347
350
365
390
403
406
403
368
270
199
201
238
271
297
317
334
353
370
379
382
383
385
386
388
391
394
394
396
400
402
403
406
408
411
412
414
416
417
419
421
420
419
418
416
414
410
404
396
390
384
376
369
364
361
356
353
351
350
350
349
350
349
350
349
350
350
350
351
352
351
351
351
352
353
352
352
353
353
354
355
355
355
354
356
355
354
355
358
360
360
362
363
362
365
367
365
360
356
354
351
350
351
351
351
351
354
366
387
403
410
413
392
304
220
203
231
266
293
310
322
343
364
378
382
382
404
404
389
382
377
371
366
362
356
352
350
349
347
345
345
344
345
344
345
344
344
347
348
347
347
349
350
350
350
351
351
351
352
353
353
351
351
351
352
353
354
355
356
359
356
356
357
360
360
361
359
354
349
348
347
349
348
347
346
348
356
376
398
407
414
410
362
266
200
205
245
280
303
313
323
341
358
369
375
376
378
379
380
383
385
386
387
388
390
391
394
396
398
399
401
402
402
402
403
402
402
401
398
395
390
386
380
375
370
366
360
355
353
351
348
346
345
344
343
344
344
343
342
342
344
344
345
346
346
348
347
348
350
356
355
357
358
359
358
359
356
352
348
345
344
344
345
345
344
345
358
379
395
398
394
380
298
204
182
218
259
285
304
316
333
351
365
372
374
375
376
380
382
382
383
386
387
388
391
394
396
397
399
400
401
403
404
406
406
406
405
402
399
395
389
384
378
371
366
360
355
353
349
347
344
344
344
343
342
342
341
341
341
341
341
342
344
344
343
344
345
346
346
347
348
348
349
350
350
350
350
353
354
355
357
357
357
358
359
357
353
349
347
345
344
345
344
344
345
354
376
392
396
394
381
302
209
182
214
255
282
301
316
401
403
101
411
411
409
408
404
399
392
386
378
371
365
360
354
349
347
343
342
341
341
342
341
339
340
340
341
342
341
342
342
344
345
346
345
346
346
346
346
346
347
349
350
351
351
353
356
356
357
357
359
360
361
358
353
348
346
345
344
344
344
344
346
355
376
393
398
399
381
294
204
183
215
255
284
305
321
341
361
371
374
376
378
380
381
384
385
388
388
390
393
395
397
400
401
404
405
408
410
410
410
409
410
409
409
406
401
395
389
383
376
368
361
356
351
347
346
344
342
341
342
342
340
340
340
341
341
342
343
343
343
344
34
405
401
3
391
383
377
371
365
358
353
350
348
345
343
342
342
341
341
340
340
340
341
340
341
342
343
344
344
346
346
346
346
348
347
347
346
348
348
349
350
348
349
352
355
354
353
354
356
358
360
359
354
350
347
346
346
346
346
346
345
349
364
387
404
412
413
387
298
207
186
221
262
290
307
315
333
352
366
372
374
376
377
379
382
385
385
386
389
389
392
393
395
397
398
398
399
401
402
403
403
402
401
400
397
392
387
383
378
372
367
363
358
353
350
348
346
344
343
345
342
342
341
342
343
343
343
344
346
345
345
347
348
348
351
349
345
344
344
345
345
346
347
346
346
349
350
350
351
351
351
351
352
352
352
352
355
357
360
361
361
360
361
361
364
363
360
356
351
349
349
349
349
349
349
352
366
389
402
405
404
378
287
206
202
240
273
296
313
324
341
357
370
375
377
377
378
382
384
385
387
388
389
391
394
396
398
400
402
403
404
406
406
407
408
407
405
403
399
395
390
384
377
370
364
359
354
350
348
346
344
344
342
342
342
344
343
343
342
342
342
343
343
344
346
345
345
347
348
348
348
347
348
349
349
350
351
354
355
355
357
358
358
359
360
359
365
399
400
432
413
413
412
411
408
404
398
392
385
378
370
364
358
352
347
344
343
341
340
340
339
339
339
339
340
339
339
339
340
340
341
341
343
343
344
344
346
346
346
345
346
346
347
347
347
348
347
349
349
350
352
353
353
352
354
357
358
358
354
350
346
343
344
344
344
344
343
345
357
380
398
404
406
392
310
218
193
219
257
281
300
312
330
348
364
369
371
373
375
377
380
382
384
385
387
388
389
391
393
395
398
400
401
402
404
406
407
407
405
404
403
398
393
387
381
374
368
362
356
352
349
345
342
342
342
341
342
341
340
341
345
345
405
398
328
230
196
223
261
287
306
317
330
346
362
371
373
374
376
378
379
380
382
384
385
387
387
389
392
394
395
397
398
402
402
402
402
401
401
399
395
391
387
382
376
371
366
361
356
353
350
348
346
345
345
344
343
342
342
341
342
343
344
345
345
344
346
346
347
348
348
348
350
350
350
351
352
352
352
353
353
353
355
357
358
357
358
359
361
361
360
358
354
348
346
345
344
343
345
346
345
355
380
399
404
400
389
311
215
190
221
258
283
302
314
332
350
365
370
372
374
375
376
377
380
381
383
386
388
389
391
395
396
345
346
347
347
348
348
347
348
349
349
350
353
354
355
356
357
358
359
360
356
352
347
344
343
343
343
344
343
345
351
373
393
400
402
398
334
237
194
208
243
272
294
310
330
350
366
372
374
376
378
380
383
384
385
387
390
393
395
396
398
400
402
404
406
407
409
411
411
412
411
411
408
405
400
395
388
380
373
368
362
356
352
349
346
345
343
343
341
341
341
341
340
340
340
341
343
344
344
345
345
345
346
346
347
347
347
347
346
348
348
349
351
349
348
350
352
353
353
354
356
357
358
359
356
352
349
344
344
345
345
344
343
646
362
358
341
341
342
342
341
341
342
342
342
343
344
344
344
346
346
347
349
348
348
349
349
349
350
354
354
355
355
357
358
359
359
359
356
351
348
346
345
344
344
345
345
347
359
382
395
400
400
385
304
211
189
220
260
285
304
315
331
347
362
369
371
373
375
376
378
379
379
381
384
385
386
388
389
390
391
394
398
398
398
399
398
398
397
397
394
390
385
379
373
368
363
358
354
350
347
344
343
342
341
340
340
342
341
340
341
343
342
341
342
342
342
343
344
345
345
345
346
347
348
349
349
349
349
352
355
354
355
356
357
6
346
346
354
353
354
353
355
356
357
355
351
347
344
344
343
343
343
342
343
348
364
386
397
401
400
349
249
192
200
236
267
292
309
327
348
364
372
374
375
378
380
382
384
385
389
391
392
394
396
397
399
404
406
407
409
410
410
411
411
410
408
408
405
401
395
387
381
374
368
362
356
352
349
346
345
343
342
344
343
342
343
343
343
344
345
344
344
344
346
348
346
346
347
348
348
349
348
349
350
350
349
349
352
354
353
353
355
356
357
357
359
357
353
349
347
344
344
346
346
345
345
349
368
391
404
409
409
371
272
193
190
231
356
346
345
345
345
344
344
345
358
381
398
404
403
394
319
222
190
219
258
284
306
316
330
346
361
369
371
372
373
376
378
380
381
383
384
384
386
389
390
392
393
396
397
399
401
400
399
400
399
397
394
391
387
381
376
370
365
360
355
352
349
347
346
344
343
344
342
342
342
342
341
341
342
343
343
344
345
344
344
347
346
346
347
348
349
351
350
350
350
351
353
356
357
356
358
358
359
359
360
358
354
350
348
348
347
347
347
348
348
356
378
397
403
401
392
316
219
191
220
259
284
304
318
334
352
366
370
374
376
377
351
353
343
342
343
342
342
342
343
359
383
397
401
405
379
286
209
200
229
260
285
304
318
339
358
368
372
374
376
378
379
382
384
386
388
391
392
394
396
399
400
401
403
407
408
409
409
410
411
409
407
404
400
394
389
383
375
370
363
357
352
348
346
344
342
342
342
341
341
341
341
341
341
342
342
343
344
345
344
344
344
345
345
345
347
347
