314
320
335
351
367
371
372
373
375
376
379
380
381
382
386
387
388
389
390
391
392
393
394
395
395
396
395
395
395
392
390
387
383
378
373
369
363
357
354
351
348
345
345
344
342
341
341
340
339
340
341
340
340
342
342
343
343
344
346
345
345
345
345
346
346
346
346
349
352
353
352
354
355
356
356
356
353
350
346
344
343
342
342
343
343
345
355
378
396
400
396
378
293
207
191
228
265
291
310
322
338
357
368
372
373
375
376
379
381
383
384
386
389
390
391
394
395
397
398
400
402
404
404
405
405
404
404
404
401
398
395
388
383
376
370
363
358
354
350
347
345
343
343
342
342
342
342
341
342
343
343
342
342
344
343
345
346
346
346
346
348
348
347
347
348
348
350
353
355
355
356
357
358
359
358
356
352
347
344
344
344
344
344
344
348
365
388
399
400
395
352
253
193
203
242
276
300
317
333
350
365
373
376
376
378
380
382
383
385
386
389
392
393
395
397
400
401
404
404
406
407
408
408
409
408
407
406
403
399
395
388
382
376
368
362
357
354
351
347
346
345
343
342
343
342
342
343
343
343
342
343
344
345
345
345
345
346
347
347
346
346
347
348
348
347
347
348
351
352
353
355
354
354
354
357
355
352
348
344
342
343
342
342
342
342
350
371
392
400
400
389
322
227
189
210
248
278
301
317
335
353
366
371
373
374
376
378
381
382
384
386
388
388
390
394
396
397
400
402
403
404
405
406
407
406
406
406
404
402
398
392
386
381
374
366
360
354
351
348
345
344
344
342
342
343
342
342
342
343
344
345
345
344
343
345
346
346
346
347
347
347
347
348
348
347
348
350
349
349
351
353
353
354
355
356
357
358
357
352
349
346
344
344
344
346
345
345
352
372
393
403
407
405
350
252
198
205
242
277
302
315
327
347
365
374
378
378
378
380
381
383
385
389
390
393
394
396
397
399
400
403
404
404
405
405
405
407
407
405
403
403
399
395
390
384
379
373
367
363
359
355
352
351
350
348
347
348
347
346
347
347
348
350
352
352
353
352
352
353
353
353
354
355
355
356
356
355
356
356
356
355
356
361
361
361
360
361
363
364
363
363
361
356
353
351
354
354
353
353
355
364
387
409
419
422
418
359
261
205
217
257
287
310
323
332
348
364
377
379
381
382
384
387
387
389
389
390
393
395
396
396
399
400
399
401
403
404
405
404
404
404
402
400
398
396
392
388
382
378
374
371
364
360
358
356
353
353
352
352
350
350
352
353
353
352
353
353
352
352
354
354
355
355
355
356
355
356
357
356
356
356
355
356
357
360
362
361
359
361
363
363
365
366
364
361
355
353
353
354
354
352
353
355
371
395
411
418
419
401
320
232
207
235
275
302
320
327
338
354
371
376
378
381
381
383
384
384
386
388
389
391
393
393
395
396
397
399
401
402
403
403
402
402
401
399
397
393
389
385
380
374
370
366
363
358
355
354
353
352
351
351
350
349
347
348
347
346
347
349
350
350
352
353
353
354
353
353
354
354
354
354
353
352
354
353
355
357
360
358
358
358
359
359
360
360
358
353
350
347
347
348
347
347
348
351
366
389
405
409
407
376
283
206
201
238
274
300
314
322
337
354
368
373
374
373
376
379
381
381
382
385
385
387
389
390
391
393
394
396
397
396
396
398
398
396
396
394
392
389
384
378
373
369
363
359
355
351
348
346
344
342
342
341
340
340
341
341
341
341
342
342
343
344
343
344
346
346
346
347
346
347
348
348
349
349
349
349
350
352
355
355
356
354
355
357
356
355
351
349
346
343
343
344
344
342
344
352
376
396
403
400
391
320
225
193
220
258
285
305
318
335
352
365
370
372
373
375
376
378
379
380
382
384
386
387
389
392
393
394
396
398
399
400
401
402
401
401
401
398
394
389
386
378
371
366
360
354
348
346
343
341
338
337
336
336
336
336
336
336
336
336
337
338
339
340
340
340
341
341
342
343
343
342
342
344
344
344
344
344
343
343
344
347
349
349
350
349
350
353
354
352
349
346
343
340
338
338
338
338
340
342
355
382
399
402
399
373
283
207
202
234
265
287
304
320
338
356
366
370
372
373
376
379
381
383
385
387
389
390
393
395
397
399
401
403
406
408
408
410
410
410
409
409
407
403
398
391
384
378
372
367
361
356
353
349
347
346
344
345
344
343
343
343
343
344
345
344
345
346
346
346
347
347
348
347
348
349
348
348
349
350
351
349
350
350
350
351
352
354
355
355
354
355
358
360
360
355
352
348
346
344
344
344
344
344
345
355
380
401
408
405
386
303
212
191
222
258
286
305
322
341
360
370
374
377
377
380
382
384
385
386
388
392
393
395
397
400
401
404
405
407
408
410
411
411
411
412
410
408
407
403
397
390
384
378
371
365
361
356
354
352
349
348
347
348
348
347
347
348
349
351
352
353
354
355
358
357
359
359
360
361
363
363
363
364
365
367
368
367
368
371
370
370
373
376
378
379
381
381
383
388
388
384
380
379
376
374
375
375
376
377
377
384
404
428
439
442
442
392
295
241
248
281
310
336
353
371
391
408
416
420
421
423
425
427
429
432
435
437
440
441
442
445
447
450
453
455
457
459
460
460
463
463
462
461
460
457
452
446
441
435
429
424
421
414
410
408
407
407
404
403
402
402
402
403
402
404
404
405
405
405
405
407
406
408
407
406
405
407
406
406
406
407
405
404
403
403
402
402
401
401
401
402
401
401
400
400
401
401
397
391
385
382
382
382
380
378
378
379
380
397
421
436
439
440
409
316
232
217
250
285
308
321
330
346
362
375
379
378
378
380
381
380
380
380
380
381
382
380
378
377
377
377
376
376
376
374
374
374
371
368
367
364
362
357
351
344
339
333
328
321
317
312
308
305
303
300
297
296
293
292
291
292
292
291
292
292
292
292
292
292
292
292
292
292
292
291
291
290
290
289
289
288
288
287
288
290
291
293
290
292
293
294
295
295
294
293
288
284
283
283
284
284
285
285
289
308
332
345
351
352
330
247
164
146
175
213
238
255
262
276
292
307
314
318
318
319
321
323
326
328
329
330
334
335
334
336
339
339
341
343
344
345
347
345
346
346
345
343
339
336
333
328
324
319
316
311
308
305
303
300
299
300
298
296
296
297
298
298
299
301
301
301
302
303
304
303
304
304
305
306
307
305
304
306
307
307
308
307
309
312
315
313
313
315
316
317
318
320
318
314
310
308
308
310
310
312
312
315
333
359
375
381
381
355
267
184
174
208
246
271
287
295
310
328
342
348
352
355
357
360
361
363
365
368
370
371
375
378
381
382
383
385
386
388
389
391
392
391
391
389
387
384
380
378
371
367
364
358
354
352
350
348
347
345
344
343
344
344
343
343
344
346
347
346
348
349
350
350
351
352
353
352
353
353
354
354
356
356
356
357
358
361
362
362
365
365
366
367
367
365
361
358
356
355
355
355
354
354
356
368
393
412
416
412
395
310
219
203
358
359
349
348
348
347
346
346
349
363
386
401
402
399
367
271
198
197
234
271
297
312
329
349
366
374
375
376
377
379
383
384
385
386
389
392
393
395
397
399
402
405
406
408
410
411
412
412
412
411
411
408
404
399
392
386
381
374
367
361
357
353
351
349
346
344
344
345
345
344
344
344
345
345
345
345
345
346
348
348
348
348
348
349
349
349
349
348
350
350
352
354
355
354
354
356
357
358
358
354
350
346
344
344
345
345
344
344
347
362
385
400
405
407
378
284
204
193
225
263
292
309
319
337
357
370
374
375
377
377
380
382
380
348
347
356
343
344
344
346
345
347
348
348
348
348
349
349
349
350
350
350
350
352
351
351
353
357
356
357
357
357
358
359
360
358
353
349
348
346
347
347
347
347
348
359
384
404
410
407
389
304
217
201
232
268
293
310
323
339
357
370
373
374
376
377
379
381
382
384
385
388
388
391
393
393
395
398
400
401
403
405
405
406
406
405
404
403
399
395
388
382
375
368
362
356
353
349
346
344
343
341
341
340
341
340
340
342
341
342
341
342
342
343
344
345
347
346
347
347
347
348
349
348
349
349
350
349
349
348
349
352
355
355
354
355
3
385
387
96
399
400
402
405
407
408
410
412
410
409
409
408
405
401
395
388
381
374
368
362
357
353
349
347
346
345
343
343
344
343
342
343
343
343
345
345
346
346
345
346
347
346
347
348
348
348
348
349
349
348
349
349
348
348
349
348
348
349
348
348
348
348
348
347
348
352
353
354
355
357
357
361
363
360
356
353
351
350
350
349
349
349
350
352
362
386
406
413
414
410
345
254
214
229
263
286
306
318
334
350
365
373
376
377
379
380
382
383
385
387
388
390
390
393
394
396
397
397
399
401
401
402
403
404
403
403
403
400
395
391
352
352
15
351
353
356
356
356
356
357
360
362
364
361
357
355
353
351
351
351
350
350
351
357
378
403
414
416
418
383
292
225
226
256
286
307
319
327
341
356
371
375
376
378
379
380
381
384
385
386
387
389
391
392
394
395
397
396
398
401
402
402
402
401
400
399
397
394
389
383
378
373
367
363
360
355
351
349
348
348
347
347
345
345
344
344
344
343
344
346
345
346
347
346
347
348
349
351
351
350
351
350
351
352
351
351
352
352
351
352
352
352
351
351
352
355
357
356
356
357
358
360
361
360
357
354
352
350
348
348
349
348
349
35
343
343
3
342
342
341
341
342
344
345
343
344
347
347
346
346
347
347
346
347
346
345
345
346
346
346
346
347
347
347
348
352
353
353
354
354
354
357
360
358
354
350
346
344
345
344
345
345
345
348
363
393
411
414
409
376
279
204
202
233
263
288
307
327
345
362
370
374
376
378
380
382
384
386
388
389
390
393
396
398
399
400
403
405
407
409
412
413
414
414
413
412
410
409
404
398
391
385
378
370
363
358
353
350
348
344
343
344
343
343
342
343
342
343
344
344
344
345
345
346
346
348
350
350
348
349
351
351
350
350
351
350
351
412
412
375
377
377
379
380
382
384
384
385
387
390
390
392
394
395
396
398
399
400
402
402
403
401
400
400
397
395
391
386
380
374
369
365
362
356
353
351
349
348
347
346
346
346
345
345
345
344
345
346
347
347
347
348
349
348
347
349
350
350
349
349
351
352
351
351
349
349
353
356
355
354
355
357
357
358
357
355
351
347
344
344
345
345
345
345
346
359
384
401
407
406
389
305
213
192
227
264
289
309
320
335
348
363
370
374
375
376
377
378
380
382
382
385
387
388
388
391
392
394
395
397
397
399
399
399
400
400
397
395
348
345
345
345
345
346
346
347
349
349
348
350
350
350
350
350
352
351
351
351
352
354
356
356
355
355
357
360
361
360
356
352
348
345
346
348
347
346
348
350
366
389
404
410
412
385
293
209
192
223
260
288
307
318
337
356
371
377
378
380
381
382
384
387
388
390
391
392
395
397
399
400
401
403
405
406
406
406
408
408
408
407
406
404
400
395
389
384
380
373
367
363
359
357
355
353
352
351
351
349
348
350
350
350
349
350
350
352
352
353
354
354
353
353
353
354
354
354
355
355
355
358
362
362
362
362
363
364
365
365
361
347
346

297
207
190
226
266
294
312
325
341
359
369
374
376
376
377
380
382
384
386
386
389
391
392
394
396
398
400
402
404
406
405
406
407
407
405
405
402
398
393
388
381
376
370
363
358
353
350
348
347
345
344
343
342
342
343
342
342
342
344
343
343
343
344
344
345
346
346
345
346
346
348
348
349
352
354
354
356
356
357
357
359
358
353
349
346
344
342
343
342
343
344
350
370
390
397
395
386
320
225
187
210
249
280
303
316
333
352
366
371
374
375
376
378
381
382
384
386
387
389
392
395
396
398
400
402
404
405
406
408
387
389
402
403
403
403
402
402
401
399
396
393
389
384
378
374
370
365
361
357
355
354
352
350
350
349
348
348
348
348
348
348
348
349
351
351
351
353
353
354
355
353
354
354
353
353
353
355
353
353
354
353
354
354
357
359
357
358
358
360
362
362
360
359
354
351
350
350
350
350
350
351
353
370
397
411
416
419
398
312
228
208
236
274
300
318
324
337
353
368
373
375
377
379
380
381
384
386
386
388
389
390
393
395
396
396
398
398
400
400
400
401
401
401
399
397
394
390
384
380
376
371
366
362
358
354
352
351
350
350
348
347

385
386
7
399
402
404
407
408
409
410
410
410
410
408
406
400
395
389
381
374
368
362
357
352
349
346
346
343
341
340
340
342
342
342
342
342
342
342
343
344
344
345
345
345
345
345
345
345
346
347
349
348
349
349
349
350
349
349
349
349
348
349
351
354
353
354
355
354
356
358
359
355
351
349
346
346
345
345
346
345
346
352
374
401
414
415
408
349
247
201
215
247
276
299
315
334
352
366
371
375
376
378
380
383
384
387
390
391
393
396
397
399
401
402
406
409
411
412
413
414
416
416
416
414
409
405
401
394
387
380
374
367
361
3
249
284
379
381
383
382
384
386
388
388
389
392
392
394
396
398
399
398
400
402
402
403
404
404
403
402
396
391
387
383
377
370
367
363
360
357
355
352
351
349
348
349
348
347
348
347
347
347
346
347
349
349
348
349
349
350
350
351
351
351
352
353
352
352
352
352
352
351
352
352
353
354
356
356
355
355
357
359
360
360
358
353
349
347
347
348
347
347
347
348
358
383
405
412
411
405
343
246
204
226
263
287
307
318
329
345
361
369
372
374
374
375
376
379
381
383
385
388
388
388
389
391
393
396
397
399
400
400
400
401
402
400
208
227
378
378
379
382
383
384
387
388
390
394
396
398
400
403
405
407
407
409
410
411
412
411
410
408
406
403
398
392
385
378
370
364
357
352
350
346
342
340
340
341
340
339
340
340
341
340
341
341
342
342
343
343
344
345
344
345
347
347
347
348
348
347
348
347
348
348
348
346
348
348
349
348
350
352
354
355
353
354
355
357
361
360
357
353
350
347
347
347
348
349
348
349
355
377
400
410
413
412
364
270
209
214
251
280
302
316
326
340
358
371
375
377
378
380
381
382
384
388
389
389
390
393
396
396
398
399
400
402
403
405
345
345
345
346
346
346
347
348
348
348
348
348
348
348
349
349
350
350
350
352
354
356
355
357
358
358
360
361
359
356
351
347
346
346
346
346
346
346
348
365
391
404
405
400
363
263
193
201
240
270
292
310
326
343
361
369
371
373
376
378
379
381
383
384
385
387
389
391
392
395
398
400
401
403
404
405
406
407
407
406
405
403
400
394
389
382
375
369
363
358
354
350
346
343
342
341
339
339
340
339
339
340
340
341
341
341
342
341
342
344
343
343
344
344
344
343
344
346
347
345
346
346
346
346
349
352
354
356
355
355
357
357
458
349
350
351
352
353
350
351
354
356
356
354
355
357
359
360
360
357
354
350
348
349
348
349
350
351
351
360
381
402
411
416
415
358
259
202
211
250
282
306
319
329
342
358
372
375
376
377
378
380
381
383
386
387
387
390
391
391
393
396
397
398
400
401
402
402
401
400
400
398
397
393
389
384
379
373
368
364
361
357
351
350
350
346
345
346
346
345
346
345
345
346
347
347
347
347
348
348
349
349
350
351
349
351
350
349
349
351
352
351
353
355
356
357
357
357
358
359
359
359
356
352
348
346
347
346
346
347
347
351
367
391
405
349
312
329
345
362
369
373
374
374
376
378
381
382
384
386
389
389
391
394
396
400
401
403
404
405
407
407
407
407
407
405
404
400
396
387
381
374
367
360
355
352
348
345
344
343
341
340
339
339
340
340
340
341
340
341
341
342
342
343
344
344
344
345
345
345
346
347
346
347
347
347
348
349
352
352
354
355
356
355
356
356
353
350
346
344
343
343
343
344
344
345
358
382
397
401
400
369
277
201
196
228
262
289
307
323
341
359
368
372
373
375
376
378
381
385
385
386
388
390
392
394
397
400
402
402
404
407
407
407
408
409
354
347
346
346
345
346
345
348
354
375
397
408
413
411
357
260
203
212
250
280
302
314
325
341
360
371
373
374
374
376
378
380
381
383
385
387
387
389
391
393
393
395
397
400
401
400
401
401
400
400
399
396
393
388
384
380
375
369
363
359
355
353
351
348
346
345
346
344
343
343
343
345
345
345
346
345
345
346
348
348
348
350
350
349
349
350
350
350
351
350
350
350
351
351
350
350
352
354
356
356
354
354
356
358
361
361
357
353
349
348
348
347
347
347
348
349
362
385
403
411
416
409
340
247
207
225
262
289
310
320
330
34
354
351
34
342
343
343
342
342
343
344
342
343
344
344
344
346
346
346
346
347
347
346
347
348
347
347
347
346
346
347
347
349
352
353
353
353
353
357
359
359
356
352
349
347
346
345
345
345
345
346
355
380
402
410
409
401
331
235
200
226
262
287
305
318
334
350
364
370
372
373
375
377
377
379
380
383
385
386
387
390
391
394
395
397
398
400
403
403
404
404
404
403
401
398
394
387
382
376
370
364
359
354
350
346
344
343
342
341
341
341
340
340
341
342
342
342
343
343
343
343
344
344
344
345
346
347
347
347
346
347
347
347
347
347
048
415
414
091
228
259
283
302
319
337
358
369
374
376
375
377
380
382
384
386
388
390
391
393
395
397
400
402
404
406
407
408
409
411
411
413
411
410
409
403
397
390
382
375
369
362
356
351
347
345
343
341
341
340
341
340
340
341
339
339
340
340
341
342
343
343
344
345
345
345
345
347
346
347
348
348
348
348
349
349
348
348
349
348
347
348
348
348
347
347
347
346
346
347
349
349
350
350
351
352
352
352
354
358
360
360
357
353
349
348
347
348
349
348
347
346
349
361
386
406
412
415
408
340
249
215
230
262
287
306
319
334
351
367

391
0
278
296
311
321
337
352
365
372
374
375
377
378
380
382
383
384
386
388
388
390
391
393
395
398
399
401
401
402
404
403
402
401
399
398
394
390
385
380
376
370
364
361
357
354
351
350
348
348
347
346
345
347
348
346
347
347
347
348
349
347
348
349
349
350
351
350
350
352
352
354
354
353
353
352
352
353
354
352
351
350
353
352
351
351
352
351
351
351
351
351
351
349
350
353
354
354
355
356
358
361
363
363
359
354
351
350
350
349
350
351
352
354
366
392
409
412
413
409
343
251
219
240
274
293
310
321
331
347
362
372
37
400
401
4
407
407
406
404
401
397
392
386
380
374
369
364
360
355
352
349
347
346
344
344
345
345
344
345
344
346
345
343
343
344
344
344
346
346
346
346
347
347
348
348
348
348
348
350
350
349
