387
388
388
391
391
393
395
397
398
401
402
402
402
401
401
399
397
393
388
383
378
375
369
365
358
352
351
347
346
346
345
344
344
344
344
342
345
345
346
347
345
347
348
348
349
350
351
353
352
353
356
359
361
360
359
359
360
361
361
360
357
352
348
347
347
345
345
347
346
353
371
391
403
410
415
374
274
200
191
224
266
299
314
321
337
353
367
372
374
375
378
381
381
382
383
385
386
389
391
393
394
395
396
399
401
402
403
402
402
402
401
398
394
390
386
380
374
368
364
360
356
353
351
348
346
345
344
345
344
343
344
343
344
345
345
346
347
347
348
350
350
349
350
351
350
351
356
358
359
358
358
361
360
360
361
358
354
350
347
346
346
346
347
345
347
360
379
392
400
407
386
293
205
186
217
256
290
311
323
337
355
370
374
375
377
379
380
382
384
386
389
391
391
393
394
397
399
400
402
404
404
406
408
407
405
404
403
401
396
390
384
375
369
365
359
355
351
350
346
343
343
343
343
342
343
342
342
342
343
342
344
345
346
347
347
348
348
349
349
351
351
352
355
356
355
356
358
357
357
357
355
349
346
343
341
342
342
341
342
344
356
377
390
396
399
363
263
188
184
221
261
292
311
326
345
362
370
374
374
376
378
381
382
385
388
390
392
394
396
398
401
402
406
407
409
410
411
412
411
411
410
406
403
399
394
386
378
371
365
360
355
351
346
343
342
340
340
339
339
340
340
341
341
342
342
343
343
343
344
344
345
347
347
347
349
350
350
352
355
355
356
358
357
357
357
357
354
351
347
343
342
343
343
342
342
343
356
376
388
394
395
351
253
190
193
226
264
292
309
327
348
364
370
371
374
376
378
379
382
383
386
390
393
394
396
399
401
403
406
408
411
412
413
413
414
413
413
410
408
404
398
390
381
374
366
360
355
352
347
343
343
343
341
340
340
341
341
340
341
342
342
344
345
345
346
346
346
346
347
346
346
347
348
350
353
356
357
357
356
356
358
359
356
352
349
345
343
343
343
342
342
343
347
364
383
393
402
402
338
244
198
205
238
271
297
314
333
352
368
374
374
376
377
380
382
385
386
388
390
394
396
399
400
402
403
405
406
408
410
409
410
411
409
408
407
403
399
393
386
379
372
365
360
356
351
349
344
343
343
340
339
339
340
341
340
339
341
342
344
344
344
345
347
347
347
347
347
348
348
349
349
348
351
354
354
354
353
354
355
355
355
352
347
345
343
344
344
343
343
345
349
368
389
402
413
419
382
284
202
189
224
263
291
308
318
335
354
367
371
373
374
376
378
380
382
385
387
388
388
391
393
393
396
398
400
401
401
402
403
402
403
400
397
395
391
386
381
375
370
364
360
356
350
347
347
346
344
343
342
341
341
340
339
342
344
343
343
344
345
347
348
347
349
350
349
348
350
351
350
353
356
357
356
355
355
355
355
355
356
354
351
350
345
344
344
344
344
345
347
360
380
397
407
416
413
340
242
194
208
247
281
306
317
327
343
358
368
372
375
375
378
379
381
383
385
385
388
390
390
392
394
396
397
397
397
397
398
397
397
396
395
392
390
386
381
375
370
365
360
355
353
349
346
343
341
340
339
339
339
340
341
341
341
342
342
343
345
347
347
346
346
347
347
348
349
349
349
352
355
356
355
355
355
357
357
358
357
353
350
347
345
344
345
345
343
343
350
367
386
398
408
413
364
265
198
197
234
274
302
314
322
340
356
368
372
374
375
376
379
381
382
384
386
387
390
393
393
395
398
401
402
403
403
405
404
404
402
401
399
396
391
385
379
374
368
363
359
354
351
348
347
346
345
344
343
344
343
341
341
344
346
346
346
347
346
347
347
347
348
349
350
351
350
351
352
352
353
356
356
356
357
359
360
358
358
357
353
349
344
344
344
345
345
345
345
352
373
393
404
411
407
329
227
190
211
251
285
307
319
335
354
369
374
376
377
379
381
382
383
386
388
391
393
394
397
401
403
404
406
408
410
411
412
413
411
410
409
406
402
396
391
383
375
367
363
357
352
349
345
343
342
341
341
341
340
339
339
339
340
340
341
342
342
344
344
344
345
346
347
348
349
349
350
350
351
351
352
353
356
358
357
357
358
359
360
360
358
352
347
346
346
345
345
346
346
346
349
368
391
406
413
410
342
240
193
206
242
277
300
317
335
354
368
374
374
377
379
382
383
385
386
389
391
393
396
396
398
400
404
406
409
412
413
414
414
416
416
414
411
407
401
395
389
379
370
364
358
352
348
345
343
341
339
339
340
338
338
340
339
338
339
339
339
340
342
342
342
342
344
342
343
344
345
344
343
346
348
347
346
346
347
349
349
351
353
352
353
353
354
357
358
357
352
348
344
342
343
343
344
344
344
346
356
380
400
410
418
395
303
217
199
221
253
283
303
323
343
363
371
374
376
378
381
384
385
385
388
391
393
395
398
400
402
404
408
410
411
412
414
415
416
415
415
413
412
407
402
396
387
379
373
365
359
353
348
344
342
340
339
339
338
337
336
337
338
337
339
340
340
340
341
341
341
340
343
343
343
342
342
342
343
344
344
345
346
346
346
344
344
345
345
346
347
347
349
350
351
352
353
357
357
353
349
345
343
342
344
346
345
343
345
352
373
395
408
418
423
369
268
204
207
243
273
298
311
325
343
361
372
375
377
377
380
383
385
386
387
389
391
393
395
397
399
401
403
405
406
408
408
410
410
409
408
405
402
398
392
385
378
372
367
360
355
351
347
345
345
343
340
339
338
338
338
339
340
343
341
343
342
342
344
344
345
347
347
345
346
348
349
349
347
346
348
347
347
348
347
347
346
347
348
351
354
352
352
354
356
358
358
355
353
349
346
347
347
345
346
347
347
348
363
388
404
412
422
408
324
232
201
224
262
291
310
318
331
348
365
372
372
374
377
379
381
382
382
383
386
389
390
392
393
393
396
399
402
403
403
403
402
401
402
401
398
394
389
383
378
374
367
362
357
353
350
347
347
346
344
343
342
343
342
342
342
342
342
344
345
346
346
348
349
348
349
351
350
350
350
349
350
350
350
350
350
351
352
354
357
355
354
355
356
357
358
358
356
352
350
347
347
347
347
346
345
347
359
381
399
409
418
410
336
242
202
218
257
290
311
320
330
346
363
371
373
375
377
380
381
382
384
385
386
389
391
394
395
396
399
401
402
404
404
406
406
407
404
401
399
395
390
385
378
373
367
362
357
353
350
347
346
344
343
344
342
342
343
342
342
342
344
344
344
346
346
346
347
347
348
349
349
348
349
351
351
352
353
350
351
355
357
357
356
356
358
359
358
358
356
352
348
347
345
345
347
347
347
347
358
380
398
407
414
401
316
221
195
221
259
290
311
322
339
357
370
374
377
377
379
380
382
384
387
389
392
393
395
399
400
402
404
405
407
409
409
410
411
411
411
408
405
400
393
385
379
372
368
361
355
350
347
346
344
341
340
339
340
340
339
339
339
339
340
341
342
342
341
343
344
346
345
345
345
346
347
348
348
347
349
349
349
349
351
353
356
355
356
356
357
358
359
355
351
348
344
343
34
341
342
253
284
304
321
342
362
372
376
377
377
381
383
384
387
389
390
392
395
399
399
401
404
407
408
410
412
414
416
417
418
416
414
411
409
404
396
387
381
373
366
359
353
349
346
342
340
338
338
338
337
336
337
337
338
339
339
340
341
341
342
343
344
344
345
344
345
347
348
347
346
347
346
346
346
347
347
347
348
347
347
349
351
352
352
354
355
357
359
359
355
349
346
344
343
344
344
345
344
345
355
379
399
409
417
418
355
256
203
208
245
277
299
310
324
344
360
369
373
375
376
377
379
382
383
383
386
389
389
391
393
380
373
342
341
340
340
340
340
342
343
342
343
342
342
344
346
345
345
346
347
347
346
347
347
347
349
349
351
351
352
356
356
355
357
357
357
358
357
354
350
346
345
343
342
342
343
343
344
354
379
397
404
409
387
295
207
190
218
254
285
305
322
342
362
371
376
378
379
378
381
382
386
387
388
392
395
396
399
400
403
405
407
409
413
414
415
415
416
415
413
411
407
401
395
385
378
369
362
357
352
347
343
342
341
339
338
338
338
338
338
339
339
339
340
340
342
344
344
343
344
345
344
344
346
346
346
346
347
347
347
347
34
314
323
383
385
387
388
390
391
395
397
399
402
402
403
403
404
404
403
403
401
399
395
392
388
382
375
369
363
358
352
348
345
344
344
343
342
341
341
341
341
340
342
343
342
341
342
343
343
344
344
345
346
346
346
347
348
348
348
350
353
357
355
357
358
357
357
358
359
355
351
347
346
345
346
345
345
345
347
361
383
394
401
405
359
254
184
188
226
265
294
312
328
347
364
372
374
375
377
379
381
383
386
388
389
392
395
396
398
401
404
405
407
407
409
410
412
413
413
413
411
407
400
394
387
380
372
366
360
354
349
346
343
2
373
376
877
389
391
394
396
397
398
399
401
401
402
401
401
400
399
398
395
389
384
379
374
369
363
359
353
349
347
346
344
343
345
343
341
341
343
343
341
342
344
343
344
345
348
348
349
351
352
350
351
351
351
352
354
358
359
359
359
358
359
358
359
358
357
353
348
346
346
347
346
347
347
347
358
380
398
409
418
413
334
236
192
207
249
285
311
320
332
350
367
374
375
377
379
382
383
384
386
388
390
391
394
394
397
398
400
402
405
407
408
407
407
409
408
406
402
398
392
386
381
374
369
364
361
357
353
351
349
347
346
345
345
337
337
343
344
344
345
345
345
344
346
345
345
345
345
345
345
345
346
350
352
353
351
351
351
353
355
356
353
349
345
342
341
342
343
342
340
341
345
361
383
399
411
421
386
288
206
191
219
257
288
304
318
336
355
369
373
374
375
378
380
381
383
384
387
390
392
394
396
399
400
402
405
408
409
409
409
410
411
408
407
404
400
395
389
382
375
368
362
355
350
348
345
343
342
342
341
341
341
341
340
339
339
339
340
342
343
343
345
345
345
344
345
346
347
348
348
347
346
347
346
347
349
351
353
354
352
353
355
357
357
357
354
342
341
343
343
343
345
346
345
346
346
346
346
348
348
349
351
350
351
352
357
358
357
357
358
358
358
359
356
351
347
344
343
344
343
342
342
342
348
367
388
400
405
400
327
226
184
202
241
276
300
317
335
355
369
374
376
379
379
380
383
385
388
388
391
394
396
400
401
402
405
409
412
413
414
415
416
417
417
416
413
409
403
396
388
380
374
365
358
354
348
346
344
342
342
342
341
340
341
339
339
340
341
342
342
343
342
341
343
343
342
342
344
345
346
345
345
347
347
348
350
352
356
356
358
358
358
359
359
356
352
349
346
383
385
380
401
403
404
404
404
405
405
403
401
399
395
388
381
376
370
365
360
354
351
348
345
345
344
344
344
343
342
341
341
341
342
343
343
344
344
345
345
346
346
347
346
346
347
349
350
350
351
354
358
359
358
357
358
360
361
359
357
354
349
346
345
344
345
346
346
347
352
370
389
399
408
415
362
260
193
195
233
270
301
314
324
342
360
370
373
375
377
380
381
383
386
387
389
391
392
393
395
397
400
400
401
405
406
407
409
409
407
406
404
401
395
390
384
375
369
365
359
354
350
347
345
343
343
344
343
343
342
342
341
343
34
340
340
344
343
344
345
346
345
345
346
346
347
348
350
353
354
352
352
355
355
356
354
353
349
345
343
342
342
342
342
344
345
353
372
394
407
417
422
363
258
192
194
232
269
296
310
321
338
359
370
372
374
375
377
380
382
385
386
386
389
391
392
394
396
399
401
402
404
406
406
407
406
404
403
402
398
393
386
382
377
371
366
360
356
351
348
345
344
343
343
341
339
341
342
341
341
342
343
343
346
347
346
348
348
348
348
349
350
350
351
352
352
351
352
355
358
357
356
359
361
359
359
359
356
353
350
348
348
347
347
346
345

358
63
361
356
352
350
348
347
347
348
347
347
350
366
386
397
405
411
364
260
189
190
228
267
296
313
328
343
362
371
375
376
377
379
382
383
385
388
389
392
395
397
399
401
404
406
406
407
409
410
410
411
410
409
407
403
399
391
384
379
371
364
359
354
350
347
344
342
341
341
340
342
340
341
343
342
341
341
342
343
343
343
343
344
345
345
345
345
346
348
348
349
351
353
355
354
355
355
355
356
357
354
350
347
344
340
340
342
341
340
341
349
369
388
396
402
392
311
216
183
205
245
281
304
320
337
358
370
374
376
378
380

346
346
3
354
356
353
356
356
356
356
358
355
350
346
344
342
343
344
343
343
344
349
367
386
398
410
417
364
261
195
193
228
262
291
307
322
341
359
369
373
373
373
375
377
379
382
384
388
389
390
392
395
398
399
400
402
404
408
408
409
409
408
408
406
401
397
391
385
377
371
365
359
353
349
345
342
340
339
340
340
340
340
339
338
337
339
340
343
343
343
343
344
343
344
345
346
345
344
344
344
345
345
346
346
345
348
354
354
351
351
352
353
354
356
354
350
345
343
341
343
342
342
342
343
347
364
386
403
413
423
391
292
207
367
373
391
395
394
396
399
401
402
404
407
408
410
412
411
411
411
408
406
401
395
388
381
376
370
364
358
354
351
350
347
347
345
344
344
343
343
342
343
343
343
342
342
344
345
346
347
346
346
347
348
349
350
351
352
353
356
359
359
359
359
359
358
359
358
355
352
348
346
345
346
346
346
346
346
356
379
395
402
407
379
280
195
184
220
259
290
311
327
346
365
373
376
378
378
380
381
382
384
386
388
391
392
394
395
399
401
402
403
407
408
410
412
412
412
412
410
407
403
396
388
379
371
365
358
352
348
344
342
340
338
337

352
59
358
354
350
346
344
344
345
346
344
342
347
361
384
399
409
420
407
322
228
191
210
250
285
309
318
330
348
364
373
375
376
377
379
381
382
384
385
387
387
390
392
394
397
399
401
401
402
404
405
405
403
402
401
398
394
389
383
378
373
367
362
356
353
349
347
346
344
344
343
344
344
344
343
344
344
343
343
344
345
345
346
347
346
348
349
349
349
349
351
351
354
357
359
358
357
359
360
360
359
358
355
351
347
345
345
346
345
344
346
349
363
381
394
404
412
379
280
199
189
224
264
295
312
326
341
359
370
374
375
376
302
317
732
375
378
381
382
384
386
389
391
394
397
399
401
402
405
407
409
412
411
412
412
412
411
408
405
400
391
383
376
369
362
356
351
349
346
345
342
341
340
340
338
337
338
338
338
338
340
342
341
340
341
342
341
340
341
342
341
342
342
342
344
345
346
350
352
351
351
352
352
351
353
354
351
347
345
341
339
339
340
341
341
343
350
370
391
404
416
418
359
257
190
190
230
268
297
310
321
338
357
368
372
373
374
377
379
379
381
384
385
387
389
391
394
395
397
398
399
400
402
402
403
403
403
402
401
397
391
385
381
375
368

346
350
349
351
354
356
358
357
359
360
360
360
359
357
353
349
347
346
346
345
345
344
347
359
382
396
402
409
379
278
193
182
218
260
294
314
329
348
366
374
377
377
378
379
381
383
384
387
390
391
394
396
398
401
403
405
408
410
410
412
412
413
414
412
409
405
402
394
386
380
372
366
359
353
348
346
344
343
341
339
339
341
340
341
340
341
341
340
340
342
342
342
342
343
344
346
344
344
344
347
349
349
351
353
353
354
356
357
358
356
358
357
352
348
345
343
341
342
342
344
342
349
370
389
398
406
390
301
208
183
208
355
356
45
344
345
346
346
346
351
366
388
402
412
422
387
287
204
187
219
259
292
310
318
334
354
368
373
373
377
379
381
383
383
384
385
387
390
391
393
399
398
398
399
402
404
405
405
404
403
402
400
397
393
388
382
375
370
366
361
356
353
351
348
346
345
345
345
344
344
344
343
343
343
344
345
347
347
347
347
348
348
349
348
349
350
351
351
354
357
358
358
358
359
358
359
359
357
353
350
348
346
345
345
346
346
346
356
376
393
404
416
413
340
241
192
202
242
281
307
316
327
345
363
371
