370
373
374
375
377
378
380
382
384
386
389
391
392
395
397
398
400
401
403
404
405
405
405
405
405
404
402
399
395
389
381
374
369
364
359
355
350
346
344
343
342
342
341
340
340
340
341
342
341
341
343
344
344
344
346
345
345
346
346
346
347
347
348
350
352
355
355
355
356
358
358
357
355
351
347
344
342
342
343
342
342
342
350
374
393
401
400
387
309
213
182
208
249
279
300
315
333
352
366
371
373
374
376
377
379
380
382
385
387
389
391
394
395
397
399
401
402
404
406
408
408
407
407
406
404
403
399
394
387
380
374
366
361
354
351
348
345
342
341
341
340
340
340
340
341
341
341
341
341
342
343
343
344
345
345
345
346
346
345
345
346
347
347
349
353
354
354
356
355
355
356
358
355
350
346
343
341
341
342
342
342
343
350
371
391
400
400
387
309
214
182
206
246
278
301
317
336
355
368
373
375
376
377
379
383
383
384
387
390
391
394
397
398
399
400
403
403
406
407
409
409
410
409
407
405
404
400
394
387
381
374
367
360
356
351
347
345
342
339
338
338
338
338
339
339
340
340
338
339
339
338
339
340
340
340
340
340
341
340
341
341
340
341
342
344
348
348
348
347
347
350
351
350
346
340
337
335
335
334
333
333
334
335
346
370
387
392
394
369
273
187
174
206
244
275
295
314
332
351
360
364
364
366
368
369
370
372
376
377
379
381
384
386
388
389
391
393
395
396
397
398
397
397
397
395
394
392
389
383
376
369
363
355
348
343
339
335
334
330
329
328
325
326
326
326
328
328
329
328
327
329
330
330
331
330
330
331
331
331
333
333
333
333
334
334
335
338
339
337
339
340
342
345
346
342
336
333
331
331
331
332
331
330
332
339
361
381
393
399
399
341
241
178
181
221
257
284
297
311
330
349
360
364
366
367
369
372
373
375
377
379
382
384
386
388
388
390
391
392
394
396
397
397
399
398
397
398
395
392
388
383
379
374
369
363
358
353
351
348
346
344
343
342
340
340
342
341
341
341
343
344
344
345
346
346
349
349
349
349
349
350
350
350
350
350
352
355
357
355
356
356
359
361
362
361
358
353
349
348
349
349
348
349
349
353
371
396
412
419
424
398
304
215
194
225
266
296
314
323
338
356
371
378
380
383
383
385
387
388
390
392
394
395
396
398
400
401
403
404
404
405
406
406
405
406
404
403
402
401
397
393
388
383
379
374
369
365
361
358
356
355
354
353
352
352
352
352
351
353
354
356
356
356
357
358
357
357
358
358
358
358
360
360
359
362
366
366
363
364
365
367
367
368
367
363
358
356
355
354
354
353
353
355
361
381
405
417
426
425
386
286
210
203
239
277
307
323
332
345
361
375
382
384
385
384
386
389
390
391
393
395
397
398
399
401
403
405
406
407
406
407
408
407
408
408
406
402
399
397
392
387
384
379
373
368
365
362
359
357
356
356
353
352
354
352
352
352
353
353
353
353
355
355
355
357
356
355
357
358
360
360
359
362
364
365
364
365
366
367
367
367
366
362
358
355
352
351
352
353
352
353
359
380
400
412
416
416
370
271
201
202
241
279
306
321
328
343
361
373
377
378
380
381
383
384
387
388
391
392
393
394
395
396
397
398
399
402
402
402
402
403
402
401
401
398
394
391
385
380
375
371
366
361
357
354
352
351
349
347
346
346
346
345
344
344
343
344
345
346
345
346
347
348
348
350
351
351
352
352
352
355
357
357
357
357
357
360
360
361
357
353
349
346
345
346
345
346
346
349
364
387
400
401
401
370
272
191
188
227
264
292
311
323
338
356
367
371
373
374
376
377
379
381
383
384
386
389
391
393
394
395
397
399
401
401
401
403
404
404
402
400
400
396
391
387
380
374
368
363
357
353
349
347
345
343
342
342
341
341
339
340
340
341
342
343
342
343
342
343
344
346
346
346
347
347
348
348
350
353
354
354
354
355
357
357
356
353
348
344
343
341
341
342
342
342
347
366
389
398
396
391
332
228
173
189
235
270
296
312
328
347
364
371
374
375
374
376
379
380
383
384
387
389
390
393
395
398
399
400
402
404
404
407
407
407
407
408
405
404
400
394
388
380
374
367
363
357
353
349
345
343
343
342
341
340
340
340
340
340
341
341
342
343
343
343
344
345
345
345
346
346
346
348
349
350
351
353
352
353
354
355
355
356
355
351
348
344
343
343
343
341
342
344
350
372
392
399
397
386
311
212
175
201
242
275
300
316
334
354
368
373
373
375
377
378
379
381
384
385
388
390
392
395
397
399
401
403
405
407
408
408
409
409
408
408
406
404
399
395
389
382
375
369
363
357
353
348
346
345
344
342
342
341
340
340
341
340
340
340
342
343
343
344
344
344
344
345
345
347
347
347
348
348
350
353
354
355
355
355
355
357
358
355
350
345
343
342
342
342
343
343
344
353
376
394
399
400
380
289
196
173
206
247
279
301
319
338
359
369
373
374
375
378
380
381
382
385
387
389
391
393
395
397
399
401
402
405
407
409
408
408
409
409
408
406
404
399
394
388
382
374
368
362
356
352
348
345
343
341
341
339
339
340
340
338
338
340
342
341
341
343
343
343
344
345
345
346
348
348
348
348
349
350
352
354
355
356
355
356
358
359
356
353
348
346
343
342
342
343
344
344
346
362
384
399
405
409
366
263
187
183
218
257
289
307
323
344
364
373
376
377
378
380
383
386
387
389
390
392
395
396
399
401
403
404
405
407
408
408
409
410
409
409
409
406
403
399
395
388
382
376
368
362
357
354
351
347
346
346
344
343
342
343
344
344
344
344
344
345
346
346
347
348
349
348
348
347
348
349
350
350
351
352
354
355
355
356
355
357
359
360
358
353
350
348
346
344
344
346
346
347
351
371
394
408
417
420
376
273
192
181
220
262
292
309
322
342
362
372
376
378
380
381
383
385
387
388
390
394
394
396
398
399
400
402
402
404
405
405
405
406
406
405
403
402
399
396
391
385
380
375
369
364
360
356
352
350
349
348
347
346
346
345
344
345
346
347
347
349
350
350
350
351
351
350
352
352
352
352
353
352
355
358
358
356
358
359
360
360
360
359
357
351
347
345
346
347
347
347
347
352
373
398
411
418
422
383
282
200
186
222
264
293
310
319
336
355
371
375
377
377
378
381
384
385
387
389
390
392
393
395
395
396
398
400
401
402
403
402
402
401
401
399
396
394
391
385
380
376
371
366
363
359
356
352
350
348
347
347
346
346
346
346
347
348
348
347
350
350
351
352
352
351
351
352
352
354
357
359
358
358
359
360
359
360
361
359
353
349
347
346
346
346
346
346
349
365
389
406
413
419
401
314
221
190
214
256
287
309
318
332
349
366
374
376
377
378
380
382
383
385
386
387
389
392
392
393
393
395
398
398
399
400
400
399
399
398
397
394
393
389
385
380
375
370
365
360
356
353
349
347
346
345
344
343
343
343
344
343
343
343
346
345
345
346
346
347
347
348
348
349
349
349
351
355
357
358
356
357
358
359
360
359
356
352
348
345
346
345
345
343
343
347
362
385
401
407
3
352
352
65
343
340
341
339
339
339
340
345
365
386
396
398
395
340
237
179
191
233
268
294
309
327
346
362
369
371
374
375
376
378
380
382
383
385
387
390
393
394
397
399
401
404
406
406
407
409
410
408
408
405
402
398
393
387
380
374
368
362
356
352
348
345
342
342
341
340
340
340
340
340
340
340
340
340
341
342
341
341
342
343
343
343
344
344
344
344
344
344
345
348
351
353
353
353
353
354
356
357
353
349
346
343
340
340
340
341
341
341
344
361
385
398
401
398
347
244
177
185
227
264
291
308
327
347
364
371
373
375
376
378
38
340
337
337
382
400
406
410
392
308
215
183
208
248
278
298
307
323
341
358
364
366
368
370
372
373
376
377
379
380
382
383
384
387
389
389
392
393
394
395
396
396
396
396
395
392
389
387
384
378
373
368
364
359
356
354
351
348
345
343
341
341
340
342
342
342
342
342
344
345
345
345
347
346
346
348
348
349
350
350
351
351
351
352
352
354
356
358
356
356
358
361
361
360
360
356
352
348
347
348
348
348
347
350
354
373
397
411
416
417
385
291
210
199
233
271
297
315
324
339
354
369
375
378
379
380
382
384
385
387
389
391
393
394
395
356
357
342
342
341
341
345
365
389
400
400
395
342
236
175
187
231
266
293
309
328
346
364
371
374
375
377
378
380
382
384
385
388
390
393
395
397
398
400
402
404
405
408
410
410
410
411
410
409
406
402
397
391
384
378
370
364
357
353
349
346
344
342
341
340
339
340
339
339
340
341
341
340
342
341
342
343
342
342
342
343
343
345
346
345
346
346
346
346
347
348
351
353
353
353
353
354
357
357
354
349
346
343
341
341
341
341
342
342
346
363
389
401
403
400
348
242
177
186
227
261
288
308
328
348
365
372
374
376
378
380
381
344
345

347
347
349
350
351
350
350
350
350
350
350
350
349
350
349
349
350
349
349
351
352
355
355
355
356
357
358
360
362
357
354
351
348
347
347
348
346
346
348
355
375
398
412
421
423
378
279
206
198
234
270
295
309
320
338
356
370
374
375
378
381
381
382
384
386
388
390
391
391
393
394
397
399
399
399
402
403
402
402
403
400
399
396
395
390
386
382
377
372
366
362
357
354
351
348
347
345
345
344
343
344
346
345
344
344
345
346
346
348
349
349
349
351
350
350
350
351
351
351
350
351
349
350
353
356
357
355
355
355
357
35
286
306
75
376
378
380
381
383
386
388
391
392
394
396
398
399
401
403
404
405
406
407
407
405
404
401
400
395
388
381
376
368
363
358
354
349
346
345
344
342
341
342
342
341
339
340
341
341
341
342
342
342
343
343
343
343
344
344
344
345
345
346
346
346
347
348
351
353
352
353
353
355
356
357
353
349
344
342
341
340
341
341
340
341
349
371
391
400
399
390
317
214
174
196
239
273
297
313
331
350
365
372
374
374
375
377
380
381
383
385
387
389
391
393
396
398
400
402
404
407
408
409
409
409
409
408
407
404
399
394
388
381
374
340
344
345
346
346
346
346
345
346
345
347
347
348
346
348
349
351
352
351
354
354
356
359
358
354
350
346
343
342
342
344
344
345
346
352
373
395
408
416
418
363
261
191
190
230
265
293
307
321
341
360
371
375
377
378
380
383
384
386
389
390
391
394
396
398
398
400
402
402
405
406
407
407
407
407
406
404
403
400
394
389
384
378
371
366
362
356
353
350
349
347
346
345
344
344
343
342
343
342
343
343
344
345
346
347
348
346
347
348
350
350
350
348
349
349
349
348
349
349
349
348
348
350
353
352
352
353
355
358
359
360
351
400
400
370
364
360
355
352
350
348
346
345
344
343
343
343
344
343
344
344
343
343
344
344
345
346
347
348
348
349
349
349
347
348
349
350
350
352
354
354
356
356
357
358
359
360
360
357
353
349
345
344
345
346
345
344
346
356
379
400
407
407
398
323
222
185
210
250
279
303
317
332
349
366
374
376
377
380
382
383
384
387
388
390
392
394
396
398
399
401
403
404
406
407
409
409
408
408
407
404
401
397
391
384
379
373
366
360
356
352
348
346
345
344
341
341
342
341
341
341
340
340
341
340
341
342
342
343
344
344
345
344
345
377
379

394
396
397
399
402
404
406
408
410
412
411
413
412
411
410
409
406
403
397
390
384
375
369
363
359
352
348
346
344
342
342
341
340
340
338
340
340
340
341
341
341
341
344
345
345
345
345
345
346
347
347
346
346
348
346
346
346
346
346
347
347
348
347
349
352
353
352
354
354
357
359
360
356
351
348
346
345
345
346
345
344
346
349
365
389
406
415
422
395
300
211
188
218
256
285
303
316
335
355
369
374
377
378
379
381
383
384
386
389
390
392
394
396
397
399
400
403
403
404
405
405
406
406
406
404
403
400
396
392
386
381
343
343
345
345
347
347
347
349
349
350
349
349
351
352
352
351
354
357
358
356
357
358
359
360
361
359
355
352
347
345
346
347
347
346
347
352
372
394
406
412
413
374
280
205
198
234
271
297
313
321
336
352
366
373
375
375
377
380
381
382
383
385
387
389
391
392
393
395
397
399
401
401
403
403
404
403
402
401
399
395
390
385
379
374
369
363
358
353
351
349
346
345
345
343
343
343
343
343
342
342
342
342
343
344
345
345
345
346
347
347
346
349
349
349
349
350
350
350
353
355
356
355
357
358
359
359
359
357
353
350
347
346

376
377
388
391
392
394
397
399
401
403
405
407
408
409
411
411
410
410
410
406
402
397
389
382
375
369
363
356
351
348
345
343
342
340
339
339
339
339
338
338
339
338
338
338
338
339
340
341
341
342
343
344
343
343
343
343
344
345
344
345
347
350
350
352
353
354
356
357
355
351
347
344
341
340
340
340
340
340
343
360
384
398
400
397
354
253
181
184
223
260
289
308
328
347
366
373
375
375
377
378
381
383
385
386
389
392
394
396
398
401
403
404
406
409
411
413
413
412
413
412
412
409
405
400
393
386
380
372
365
359
354
350
347
348

356
356
352
346
343
341
340
340
340
341
342
346
363
387
404
412
419
399
306
211
181
208
250
282
301
310
327
346
363
368
369
372
373
375
377
379
380
381
384
387
387
388
390
392
392
394
396
397
398
399
398
398
397
396
395
393
388
382
377
373
368
361
357
353
349
346
344
343
340
338
337
339
339
338
338
338
339
339
338
338
339
340
340
341
341
343
343
343
343
342
343
342
342
342
344
346
346
346
346
348
348
349
350
350
349
344
339
338
336
335
336
335
337
338
349
372
392
402
410
410
344
242
185
192
231
266
291
303
312
353
353
0
361
363
366
367
367
364
361
357
355
353
352
352
352
352
355
367
389
405
410
412
394
305
215
196
225
264
293
315
327
343
361
375
379
381
383
385
387
389
391
393
395
396
398
399
402
405
406
408
409
411
413
413
415
416
416
416
415
412
408
403
398
390
384
378
372
366
361
357
354
351
349
348
347
346
346
347
347
347
348
348
348
348
348
348
349
350
349
349
350
352
353
352
352
353
353
352
353
355
356
359
358
360
360
362
363
364
361
359
354
350
348
348
348
349
348
348
354
375
396
407
409
406
343
239
190
207
246
279
303
319
340
341
446
346
347
346
346
346
347
347
348
348
347
347
348
348
346
347
351
353
352
353
354
355
357
360
358
354
351
348
347
347
347
347
347
347
349
364
389
404
414
421
401
312
222
192
216
255
285
304
316
335
355
371
375
378
378
379
382
384
386
388
389
391
394
395
397
398
401
402
404
406
407
408
408
409
409
408
407
407
404
400
393
388
382
376
370
364
359
354
351
349
347
346
346
345
345
344
344
344
343
343
343
345
345
346
347
348
348
347
349
349
349
351
350
349
350
351
350
349
349
349
349
350
351
353
355
354
355
356
356
358
361
3
402
402
7
381
376
369
364
359
356
352
350
348
346
345
344
342
342
343
343
342
342
343
343
344
344
345
345
346
346
349
349
347
348
349
349
349
350
352
352
352
353
356
356
355
356
357
358
358
360
357
353
349
346
345
344
344
345
344
345
354
376
397
405
406
404
338
235
187
205
245
275
300
314
329
347
365
372
374
375
376
378
380
381
383
384
387
389
391
393
395
397
398
401
402
403
404
405
406
408
408
406
405
402
398
392
386
378
373
367
361
356
352
349
346
343
342
341
340
340
340
340
340
340
341
341
341
340
341
342
343
343
343
344
315
351
352
345
341
342
342
342
340
342
345
361
385
398
404
406
365
262
186
183
221
258
286
306
324
345
364
372
376
377
378
380
383
384
386
388
391
392
396
397
399
401
402
405
407
408
410
411
413
413
413
412
411
410
408
401
395
388
381
374
368
361
355
350
346
343
340
339
340
340
340
339
339
341
341
340
341
341
342
344
345
345
346
347
346
347
348
348
348
347
348
349
348
348
348
347
348
350
353
353
354
355
355
358
359
359
354
350
346
345
343
343
345
345
345
347
362
384
400
410
418
389
295
210
190
217
255
287
304
316
337
359
371
354
351
3
345
344
343
343
345
345
345
345
346
347
348
348
349
347
349
352
352
351
353
356
356
357
357
358
360
360
360
358
354
350
347
345
345
346
345
344
347
359
380
398
407
415
412
346
248
197
207
245
280
307
319
327
343
360
371
374
376
377
379
380
380
383
384
386
386
389
390
392
394
396
397
399
399
401
402
403
404
403
401
400
397
393
387
381
375
370
365
360
356
353
350
347
345
345
345
344
342
341
340
341
341
341
342
343
343
344
344
347
349
348
347
348
348
349
351
350
352
354
356
357
356
358
359
360
360
358
355
350
348
346
347
441
340
341

347
346
347
348
347
347
346
348
350
353
354
355
356
356
358
358
356
353
349
346
344
342
343
343
343
343
345
359
383
397
402
403
369
270
190
183
220
257
287
306
325
344
363
372
374
376
378
381
382
384
386
387
390
392
393
394
397
400
403
405
406
409
411
413
414
414
413
414
411
408
405
401
394
387
380
373
365
359
354
350
348
344
342
342
341
341
340
338
338
338
339
339
341
340
339
341
342
342
342
344
345
344
345
346
345
345
346
346
347
347
348
351
354
352
353
354
355
356
357
355
350
346
344
342
342
341
341
342
344
351
349
347
34
345
343
343
343
343
344
346
346
348
349
349
350
351
351
350
