468
451
372
288
266
280
308
331
349
360
378
394
409
414
416
418
420
420
423
426
427
428
428
431
432
432
434
436
436
437
439
439
440
441
441
440
440
437
435
433
430
424
417
410
403
395
388
382
375
370
366
362
360
359
357
355
354
354
354
353
353
353
352
351
352
352
352
351
351
351
351
350
351
350
349
349
348
348
347
346
345
344
342
341
341
342
343
341
340
343
344
343
343
345
343
344
345
348
345
340
336
333
332
329
330
332
331
330
335
352
374
386
395
404
378
294
215
195
217
249
271
288
298
313
330
344
350
352
353
356
357
358
359
361
363
364
366
367
368
368
371
374
375
376
379
380
381
381
381
380
379
378
375
371
366
359
352
347
340
334
330
326
322
319
317
315
313
312
312
312
312
311
311
310
312
311
310
312
314
314
314
313
315
315
315
316
317
316
316
317
316
316
316
316
316
316
316
318
321
320
321
321
321
323
323
323
322
321
316
312
312
313
312
312
313
315
326
349
367
376
384
380
311
221
181
192
224
251
271
282
293
310
325
335
337
339
339
341
342
343
345
346
349
351
353
354
356
358
361
363
365
367
369
370
372
372
371
370
369
367
364
358
353
348
342
336
332
327
324
319
317
316
314
313
313
313
313
313
315
315
315
315
316
317
319
319
320
321
323
322
324
324
325
326
326
328
328
328
330
331
330
331
333
336
334
335
337
336
339
341
340
339
337
333
331
331
333
334
333
333
337
354
378
392
400
406
375
283
209
203
231
261
285
303
316
332
348
360
364
366
366
369
373
374
375
376
377
380
383
386
386
387
391
394
397
398
399
401
402
402
404
403
402
400
397
393
388
381
375
369
364
359
354
351
348
346
344
343
343
342
342
343
344
343
343
343
344
344
346
346
348
348
349
349
350
350
352
352
352
352
351
351
353
354
354
354
354
354
357
358
357
358
360
361
362
363
360
357
354
353
351
351
352
352
351
352
362
386
406
416
422
409
329
239
216
234
266
291
311
325
342
360
372
377
379
380
381
384
386
388
389
391
394
395
398
400
401
404
407
409
412
415
416
417
417
417
418
416
415
413
409
403
396
387
381
375
370
363
359
356
352
350
349
349
348
347
348
348
348
349
349
349
349
350
351
352
352
352
353
353
354
354
356
354
355
355
356
357
356
357
357
356
356
357
357
357
359
360
361
362
364
366
365
365
361
359
354
352
352
351
351
351
353
355
376
401
416
419
417
363
267
217
223
251
280
301
317
337
356
371
377
380
380
381
383
387
387
388
390
392
396
398
400
403
405
407
410
411
412
414
416
418
419
417
417
416
414
410
406
399
392
386
378
372
365
360
355
352
349
348
345
345
344
345
344
343
344
344
344
344
345
346
346
347
347
347
347
348
348
348
349
350
350
350
350
350
350
349
349
349
350
350
350
351
352
353
355
357
357
357
358
358
355
351
349
347
346
347
347
347
347
350
369
394
409
416
416
361
266
217
219
243
273
298
315
333
354
368
373
374
376
378
380
381
384
386
388
390
392
395
397
399
401
403
405
408
411
414
414
416
416
416
415
414
413
408
403
397
390
383
376
369
363
356
352
349
345
343
341
340
340
339
339
339
340
340
342
342
344
343
344
345
345
345
345
346
347
348
347
348
348
348
348
349
349
349
350
349
350
349
349
349
349
351
352
352
354
355
356
357
359
359
356
351
349
347
346
347
349
348
348
353
370
394
408
416
424
397
305
228
214
239
270
295
312
324
342
359
371
375
377
377
381
382
384
385
388
390
391
392
394
396
399
401
403
405
407
407
410
411
411
411
412
410
409
406
402
397
391
386
380
373
365
360
355
352
349
347
345
345
345
345
345
344
345
344
344
347
347
347
349
351
352
351
352
353
353
353
355
356
355
354
356
356
356
356
356
356
355
356
357
356
355
356
359
359
357
358
360
363
363
365
364
360
358
356
355
355
356
357
358
359
364
383
407
421
428
435
401
312
240
229
255
287
311
327
337
352
368
381
388
388
389
391
393
394
396
397
399
401
402
402
403
405
407
408
411
413
414
414
414
415
417
415
414
413
410
406
402
398
393
387
384
378
375
371
370
368
367
366
366
367
367
368
370
370
370
373
374
374
375
376
376
378
381
381
382
381
382
382
384
384
385
386
387
387
387
387
386
385
386
389
392
388
389
390
390
389
390
389
386
380
375
373
373
374
373
372
371
375
392
415
426
430
433
404
314
237
225
252
281
304
320
328
341
355
365
368
369
370
369
370
372
372
372
372
373
373
371
372
374
375
377
377
378
378
380
382
381
379
377
374
372
370
364
357
351
346
340
334
328
325
321
317
315
311
310
308
307
306
304
305
304
303
303
303
303
302
302
302
302
301
301
301
300
301
301
302
300
300
300
300
300
302
302
303
306
307
306
306
306
307
307
309
308
304
301
299
298
298
298
297
298
300
312
336
353
361
362
348
265
176
157
184
219
243
262
272
285
297
311
318
319
320
320
322
323
325
328
329
329
330
331
332
334
336
336
337
340
341
341
342
342
343
342
340
337
335
332
326
322
316
311
305
300
296
292
289
287
283
281
280
280
280
281
283
283
282
282
281
281
282
283
282
283
286
287
287
288
288
288
288
289
290
290
290
292
291
292
294
297
298
298
300
301
301
302
303
301
298
296
294
292
293
294
294
295
295
301
323
347
358
362
363
308
211
164
177
211
238
261
275
291
308
324
330
333
336
338
340
344
347
349
351
353
355
358
361
364
366
368
369
372
374
377
380
381
382
383
383
382
379
376
372
365
359
354
347
342
338
335
332
331
329
328
328
328
330
330
330
332
334
334
334
335
337
339
341
342
343
345
347
348
348
349
351
352
353
355
356
357
357
357
358
360
359
358
360
362
364
366
367
368
370
372
373
374
370
367
365
364
364
364
364
365
367
367
378
406
430
440
442
429
346
257
234
252
284
311
331
347
365
385
397
402
403
405
408
410
412
415
416
417
418
421
423
427
427
430
432
435
438
440
441
442
444
444
444
442
442
438
434
429
424
415
409
402
396
390
385
381
379
376
375
373
373
373
374
374
373
373
374
374
374
375
376
375
377
377
377
378
378
379
378
378
379
374
39
407
409
411
413
415
417
419
421
422
423
425
427
430
431
433
434
434
435
434
434
431
428
424
418
411
404
396
389
383
378
373
369
365
363
362
361
359
359
359
359
359
358
358
358
359
358
359
359
360
360
361
361
362
361
363
362
362
361
362
362
362
362
361
361
361
361
361
360
359
360
360
359
359
359
360
360
359
360
361
363
365
364
365
366
368
369
368
364
361
359
357
357
357
358
358
356
357
361
383
410
423
430
433
382
288
233
227
251
279
304
321
339
358
374
381
383
384
385
386
388
389
391
393
395
396
399
401
402
405
406
379
403
414
256
282
303
319
331
344
361
370
373
375
377
378
380
381
383
385
386
387
389
391
393
394
395
397
399
401
402
402
404
405
404
403
401
399
395
391
385
380
374
367
362
357
353
349
346
344
343
342
342
341
340
340
340
341
340
341
340
341
340
341
342
343
344
345
347
347
346
345
346
346
347
348
347
347
347
347
348
348
348
350
351
353
352
353
354
355
356
358
356
351
349
346
345
345
346
347
346
347
352
371
397
412
417
419
380
282
215
217
246
275
297
313
329
343
359
369
372
374
375
376
379
381
382
383
385
387
389
391
393
394
326
345
381
382
385
386
387
389
391
395
396
398
400
403
405
407
408
410
413
414
414
414
414
413
412
410
405
399
392
385
378
371
364
358
353
349
345
343
341
339
338
337
337
338
339
338
339
340
340
340
341
342
342
343
343
344
345
345
345
346
347
347
347
347
346
346
347
346
347
347
347
347
346
348
350
351
351
352
353
355
357
359
357
354
350
347
345
346
347
347
346
346
348
360
382
400
412
419
413
341
250
210
223
256
283
303
314
329
347
364
372
374
375
377
379
382
383
384
385
386
389
391
392
394
396
397
399
401
402
403
405
404
5
346
347
543
352
354
354
355
355
355
354
351
346
343
343
343
343
343
343
344
353
374
391
399
403
396
323
231
201
223
257
285
308
319
333
349
362
369
372
374
375
377
379
380
382
384
386
388
389
390
393
396
397
399
400
402
403
405
405
405
405
403
402
399
394
389
383
377
370
364
359
355
351
349
347
345
344
343
343
343
343
343
344
342
343
344
345
345
344
345
346
346
347
348
348
349
350
350
350
349
350
351
353
354
356
357
356
356
357
359
359
358
356
352
349
346
346
347
347
347
347
348
359
381
396
403
406
385
296
218
206
234
267
293

339
34
345
344
345
344
345
345
346
347
348
347
347
347
346
348
349
350
351
352
354
354
356
358
357
353
349
346
344
344
344
344
344
343
345
352
373
392
403
415
413
343
253
212
220
251
281
302
318
336
354
368
373
375
376
377
380
381
383
384
386
389
391
393
396
397
399
401
403
405
406
408
410
409
409
409
409
406
403
400
395
388
382
376
369
363
358
352
349
346
345
344
343
342
342
341
342
342
340
341
342
342
342
342
343
344
345
346
346
346
344
345
348
347
347
346
346
345
346
348
348
347
348
349
350
351
352
353
353
354
356
357
342
342
344
343
345
346
346
347
348
347
348
348
348
347
349
350
350
349
350
350
352
355
355
354
356
356
357
358
358
355
352
349
346
345
345
345
346
345
345
353
375
395
405
410
404
331
238
208
225
259
286
308
320
336
353
367
371
373
375
377
378
380
382
384
386
388
389
391
392
395
397
399
400
402
404
406
408
409
408
408
406
404
401
395
390
384
378
373
365
359
353
350
347
343
342
341
340
339
339
340
339
339
339
340
339
340
341
340
341
342
342
342
344
344
345
346
346
347
348
347
348
348
348
348
348
350
351
353
354
355
354
354
355
35
394
406
7
213
227
256
283
303
320
340
358
368
372
373
375
376
378
380
382
384
387
389
390
394
396
398
399
402
403
404
407
410
411
412
413
412
411
409
407
403
396
390
384
376
368
362
356
352
348
345
342
341
341
340
339
340
339
339
339
340
341
341
341
342
343
344
343
344
345
346
345
345
345
345
345
347
347
347
347
347
347
347
346
347
349
349
350
352
353
354
356
356
357
357
355
351
347
346
346
346
346
347
347
347
355
376
398
409
418
420
365
272
214
214
248
281
303
314
326
344
361
371
375
376
377
379
381
381
384
386
387
389
391
291
311
364
371
374
375
377
378
379
381
382
382
385
385
387
389
391
393
395
397
399
400
401
403
402
402
402
400
398
396
392
387
382
375
371
367
361
357
353
351
349
348
346
346
344
343
342
341
342
343
345
344
344
346
345
345
345
346
345
346
347
346
348
349
349
349
350
349
350
351
354
355
355
356
355
357
357
358
355
352
347
345
344
345
345
344
345
345
352
372
392
401
405
405
346
251
206
220
255
283
306
319
332
347
362
369
372
374
374
377
378
379
382
383
386
389
391
391
393
395
397
399
400
402
402
404
406
406
405
403
402
399
39
350
348
0
340
340
340
342
341
341
341
341
342
342
343
345
345
344
344
345
345
345
346
346
346
346
346
346
346
346
346
348
351
351
352
354
354
355
356
356
353
350
347
344
343
343
344
344
343
344
347
367
391
405
411
411
362
266
212
213
239
269
293
311
330
350
364
370
373
375
376
378
380
383
385
387
389
392
394
397
398
400
403
403
405
409
410
413
414
414
413
413
412
410
407
402
396
388
380
373
366
360
354
350
346
343
342
340
339
339
340
340
339
340
339
340
340
341
342
343
343
343
343
344
345
346
346
346
347
346
346
346
348
348
377
380
88
389
391
393
396
397
398
399
401
402
402
401
401
399
396
394
390
384
377
373
368
362
358
354
350
348
346
343
343
342
343
343
343
343
342
342
342
342
342
344
344
345
346
346
346
346
347
348
348
348
349
348
348
350
351
351
352
354
356
355
356
356
355
356
357
358
356
352
348
346
346
347
348
347
348
350
360
382
400
409
412
401
321
230
202
227
264
289
311
322
337
352
366
371
373
374
375
378
379
380
382
383
385
387
388
389
391
393
395
397
400
401
402
402
402
403
402
400
399
396
391
387
382
376
369
364
359
354
351
348
345
67
390
246
277
300
316
334
353
367
371
373
375
377
380
382
384
386
387
389
391
393
395
398
400
402
404
406
407
409
412
413
412
413
413
410
406
404
398
391
385
378
371
364
358
353
349
345
344
342
341
341
340
339
338
339
340
339
340
341
341
341
342
343
344
344
345
346
346
345
346
347
347
346
346
346
346
347
348
348
347
348
348
350
350
351
353
354
355
357
355
351
348
345
343
343
343
344
343
343
344
348
366
388
400
409
412
366
273
217
216
243
272
296
312
330
348
364
371
374
374
375
379
382
382
382
386
389
389
392
394
395
396
59
350
348
403
411
413
377
283
210
209
239
273
302
317
326
342
359
372
376
379
379
380
382
382
384
385
387
388
390
391
392
395
398
399
401
402
403
405
407
407
406
406
405
402
399
394
389
382
378
372
366
361
355
353
351
348
346
346
345
344
344
345
345
344
345
345
344
345
345
346
348
349
349
348
348
350
350
351
351
351
350
350
351
352
352
353
356
355
355
356
358
358
359
359
357
352
348
348
347
346
346
346
347
349
363
385
400
406
408
383
292
212
204
237
271
295
313
325
340
356
367
371
372
373
376
378
379
380
381
384
386
387
345
345
448
348
348
346
346
347
346
346
348
351
352
353
354
356
357
358
357
353
350
348
345
345
344
345
344
344
346
353
375
396
406
411
402
325
237
208
224
254
282
303
322
340
359
369
373
374
375
377
379
380
383
385
387
389
391
394
395
397
400
402
404
407
410
411
412
413
413
413
412
410
408
404
399
393
385
377
370
364
359
354
349
346
346
343
342
340
341
340
340
339
340
341
340
340
341
342
343
343
344
344
345
346
347
347
347
347
348
347
347
347
346
347
347
347
347
347
347
348
350
352
352
352
354
355
357
358
355
350
347
344
344
354
357
347
347
346
346
349
354
372
394
403
407
408
359
262
204
213
249
279
303
319
332
346
362
371
372
373
376
379
380
381
383
385
386
387
389
391
393
395
397
399
400
401
403
405
405
405
405
403
402
399
396
391
384
379
373
366
361
357
352
349
348
346
344
342
341
341
340
340
341
341
341
342
343
343
343
343
343
344
345
346
347
347
346
347
347
348
348
349
348
349
351
352
353
354
355
355
356
356
356
356
353
349
346
344
345
346
345
344
347
349
361
382
397
403
408
385
294
217
205
232
265
293
312
326
342
359
369
374
375
375
377
353
354
3
345
344
344
343
344
345
345
347
361
382
397
407
417
379
284
221
214
237
267
293
312
330
349
366
372
375
376
378
379
381
383
385
386
389
392
392
394
398
399
401
403
405
406
409
411
412
412
413
413
411
408
405
399
394
387
381
373
367
360
355
350
346
346
343
342
341
341
340
339
340
340
340
342
342
341
343
344
345
344
344
345
346
345
346
347
346
346
347
348
348
348
349
349
347
350
353
353
353
353
353
354
356
357
360
355
352
350
346
345
346
346
346
346
345
354
373
395
407
416
422
372
276
211
207
242
275
300
312
324
343
359
344
346
346
346
346
346
347
349
349
349
348
350
350
349
351
352
354
354
355
356
356
356
357
357
355
352
348
347
346
347
345
345
346
347
358
379
396
401
403
390
307
219
199
227
263
290
312
323
339
355
367
372
375
375
376
379
380
382
384
386
388
389
390
392
394
396
398
400
400
401
403
404
405
404
404
403
401
398
394
388
382
375
370
365
361
355
350
348
345
344
343
343
342
342
342
342
342
342
342
343
343
342
343
344
345
346
346
347
348
346
347
347
348
348
348
348
347
348
352
353
354
354
355
355
356
358
359
356
352
348
346
344
408
405
49
346
344
342
341
341
342
342
341
342
342
340
340
341
342
343
344
344
344
345
346
346
346
347
349
348
348
347
348
348
347
347
348
347
349
352
351
351
355
355
357
359
360
358
354
352
349
347
346
348
347
347
346
348
357
378
395
407
417
406
328
242
214
227
258
288
307
321
338
359
371
