356
351
346
344
341
339
339
338
338
338
337
337
337
338
339
340
341
341
342
342
342
343
343
343
343
343
345
345
344
344
346
346
347
347
347
348
348
349
348
348
347
350
353
354
354
355
355
355
357
359
357
353
350
346
345
345
345
344
344
345
352
373
396
409
416
409
340
248
213
227
257
283
302
318
337
355
367
371
374
375
377
380
382
382
385
385
386
387
390
391
393
396
398
400
402
404
406
408
410
411
411
411
411
408
404
398
393
384
376
369
364
358
353
350
346
343
341
340
339
339
340
339
338
338
339
339
339
339
339
339
340
340
340
341
342
342
342
342
343
343
344
345
344
344
344
344
345
345
345
344
344
344
345
344
344
345
345
346
348
349
350
352
355
356
356
356
353
350
346
343
342
343
344
344
344
347
361
387
406
416
424
394
300
231
224
243
268
290
307
326
346
363
370
373
376
375
377
380
381
384
385
387
390
392
393
396
398
399
401
404
405
407
411
412
412
413
413
413
411
410
407
401
394
386
379
372
365
358
353
349
345
342
340
339
339
339
338
338
338
339
339
339
339
340
340
341
342
342
342
343
344
343
343
344
344
346
347
348
346
348
348
348
347
347
348
348
348
349
347
347
348
349
349
351
353
352
353
355
358
361
361
360
357
352
348
346
347
347
348
348
350
351
366
391
406
418
431
405
314
234
218
240
268
292
310
325
344
362
371
375
377
379
380
382
385
386
387
388
390
392
394
396
398
400
403
405
407
409
410
411
413
414
413
412
411
410
405
400
394
386
378
371
366
360
354
352
348
346
344
342
340
340
341
340
340
341
342
342
340
340
341
342
341
344
344
343
344
345
346
345
347
346
346
348
348
348
349
348
348
347
347
347
347
348
346
346
346
346
348
349
350
351
351
352
355
360
361
361
358
354
350
346
345
347
347
348
348
349
360
381
403
416
426
429
366
269
217
225
261
288
307
317
329
347
364
372
374
374
378
381
383
382
383
386
388
390
392
393
394
397
398
399
400
403
403
406
408
407
407
408
408
405
401
397
392
386
380
374
369
364
358
354
352
350
348
346
346
346
346
345
345
344
344
344
343
343
344
346
347
347
348
348
347
349
349
348
349
350
351
351
351
350
350
350
351
351
351
350
348
349
348
348
348
349
349
350
350
350
351
351
356
359
360
358
355
350
348
348
346
346
347
348
350
360
380
402
411
423
426
365
272
221
225
258
286
306
317
327
344
359
368
371
373
373
376
379
379
380
382
383
384
385
386
387
389
391
394
396
399
400
401
401
403
404
402
402
402
397
391
386
379
374
369
364
357
354
351
347
346
343
341
340
341
342
341
341
340
340
339
340
340
340
340
341
342
342
342
343
345
345
345
346
346
346
346
347
346
346
346
345
346
347
346
348
350
350
349
350
351
353
353
354
353
350
346
343
342
343
342
343
343
344
352
374
396
408
418
420
356
257
209
221
255
280
301
313
328
343
360
368
369
369
371
372
374
375
378
379
380
382
384
387
388
390
392
393
394
396
399
400
402
403
403
401
399
397
392
389
384
376
369
365
359
353
349
345
343
340
338
338
338
339
339
339
339
340
339
338
338
339
340
340
341
341
341
342
342
343
343
343
343
344
344
346
345
346
346
345
346
346
347
348
352
352
352
353
355
355
355
356
353
349
344
342
342
342
343
343
344
346
360
384
401
411
419
383
287
219
215
240
271
293
309
326
344
361
368
371
372
375
377
380
382
382
383
385
388
389
392
394
396
398
400
402
404
406
409
410
411
412
411
410
408
405
401
395
387
380
373
365
360
356
352
347
344
342
341
341
340
339
339
340
339
340
339
340
341
341
340
342
341
341
343
344
345
345
346
344
346
346
347
347
346
346
347
348
348
347
348
349
349
350
350
351
353
353
355
356
357
358
359
357
353
350
347
345
345
346
346
346
346
351
371
398
413
420
418
360
264
219
226
252
279
299
316
335
354
368
372
374
376
377
379
381
383
385
388
390
392
394
397
398
400
403
405
407
409
412
413
415
416
418
417
416
415
412
406
399
392
384
375
368
362
356
351
349
344
341
340
340
340
338
339
340
339
339
340
341
341
341
342
342
341
342
343
344
344
346
346
345
345
345
345
346
348
349
348
348
349
348
346
346
346
348
347
348
348
348
349
351
351
353
354
356
358
358
358
355
351
347
346
347
348
347
347
348
351
369
393
408
420
430
392
299
234
227
247
272
294
311
329
349
364
372
374
375
377
379
383
384
386
387
388
391
393
394
396
398
400
402
404
406
408
410
411
413
413
414
412
411
409
404
398
392
385
378
370
364
357
352
348
344
341
340
340
339
339
339
340
340
339
339
339
340
341
341
342
342
343
344
343
346
346
347
347
347
345
345
346
347
346
346
346
347
346
345
346
346
346
346
347
348
347
347
348
350
351
352
352
353
356
359
358
356
352
347
344
344
347
347
345
346
347
353
375
397
408
417
426
380
285
220
219
251
277
299
310
322
341
356
368
371
374
375
376
378
379
382
383
384
387
388
390
391
393
395
397
399
401
402
403
405
407
406
405
405
404
401
397
392
386
379
374
366
360
356
352
348
346
343
342
341
342
343
342
341
340
342
342
342
342
343
342
343
343
343
344
345
347
347
347
347
347
348
349
349
347
347
348
348
348
349
348
348
347
347
347
349
353
352
352
352
354
356
359
359
357
352
348
347
347
345
345
346
347
347
352
371
394
408
420
429
396
303
226
214
242
274
296
311
320
334
352
365
371
374
376
378
376
379
382
383
383
385
385
387
390
392
394
395
397
400
400
401
403
405
405
404
402
401
399
395
389
384
378
371
367
361
356
352
349
347
345
344
343
342
341
340
341
342
342
341
340
342
343
342
341
343
344
345
345
346
347
347
347
349
349
348
348
348
348
350
350
352
354
356
357
355
356
357
358
358
359
356
353
348
346
346
346
345
345
345
347
356
377
397
406
415
418
358
260
207
216
253
280
301
314
325
342
357
367
370
373
374
375
378
379
380
382
384
385
386
386
388
390
393
394
396
398
400
402
404
404
405
403
401
398
394
390
384
378
372
367
361
354
350
348
345
344
341
340
340
339
340
340
340
340
340
340
341
343
343
343
344
344
344
344
344
345
345
346
347
347
348
348
350
350
350
350
353
355
356
357
357
357
358
359
359
357
354
350
346
343
343
343
342
343
344
347
361
385
400
409
415
383
287
212
209
238
268
293
310
325
341
358
367
371
373
376
377
379
381
383
384
387
387
390
392
394
397
398
400
402
404
40
382
384
38
406
409
411
412
414
413
412
410
407
404
398
391
383
375
369
362
356
351
348
345
343
340
340
339
339
339
338
338
339
339
339
338
338
339
342
341
342
342
342
343
344
345
344
344
344
345
346
346
346
347
348
348
351
352
353
357
356
355
357
357
354
350
348
345
343
341
342
342
342
343
345
359
382
398
406
410
371
277
216
216
239
269
294
312
330
350
364
371
374
373
375
378
379
382
383
386
388
390
392
395
397
399
401
405
406
408
411
413
413
414
415
415
414
411
409
405
399
392
384
376
368
362
356
351
348
346
343
340
340
340
375
369
36
341
341
340
340
340
341
341
341
341
342
341
342
343
344
345
345
346
347
346
346
348
348
347
348
349
351
352
354
354
354
355
356
356
357
358
354
350
346
343
342
344
345
345
343
345
352
375
394
404
411
400
319
230
205
228
261
287
306
320
337
353
365
369
370
372
374
375
378
380
383
384
386
388
390
391
394
396
397
399
402
403
405
407
408
408
408
409
407
404
401
396
388
381
374
368
360
354
350
348
344
343
342
340
340
340
340
340
340
342
341
340
341
343
342
341
342
343
342
342
344
344
344
345
345
345
345
346
346
346
347
34
341
343
8
347
348
348
347
347
348
349
348
348
347
347
347
348
350
353
355
353
353
353
354
357
359
358
354
351
347
345
346
347
346
346
346
347
357
379
398
409
421
419
348
251
202
216
255
283
303
314
326
344
361
369
370
372
374
375
376
378
380
381
383
385
386
388
391
393
393
395
396
399
400
400
401
402
402
401
402
399
395
391
386
379
374
368
362
357
353
350
348
345
342
342
342
341
341
340
340
343
344
344
343
344
344
345
347
347
346
346
347
348
349
349
347
346
346
349
348
347
348
348
348
352
354
354
353
355
355
356
357
357
355
400
394

343
340
340
339
338
337
338
339
340
341
342
341
342
343
343
342
343
343
343
344
345
345
345
346
347
347
347
347
347
347
346
348
350
352
353
354
354
354
357
358
358
353
349
347
344
344
344
343
343
342
343
349
368
387
399
409
408
345
254
215
223
249
277
300
316
335
355
367
372
375
377
379
379
381
384
386
387
388
390
392
395
397
400
401
403
405
407
410
411
412
412
412
412
412
409
406
400
395
389
380
373
367
361
355
352
348
345
344
343
343
341
340
341
342
342
341
342
344
344
344
345
346
346
347
346
346
345
346
348
348
35
388
381
37
341
341
341
340
341
339
340
340
341
339
340
341
341
342
342
344
343
345
345
346
346
345
346
347
349
350
350
352
353
352
354
355
357
357
357
355
352
347
345
344
344
344
345
345
344
352
371
389
399
408
404
331
238
204
221
256
287
308
321
337
353
367
371
373
375
376
377
380
382
384
387
389
390
392
393
396
398
400
403
406
407
408
408
410
411
412
410
409
406
400
396
388
380
373
366
361
355
352
349
345
342
341
341
342
340
340
340
341
341
342
341
341
343
344
343
345
345
345
345
346
345
345
345
348
347
348
348
350
353
355
344
343

419
359
260
204
211
248
280
305
317
327
343
359
370
373
375
376
377
379
381
383
384
385
387
390
391
393
394
396
398
399
399
401
403
403
403
405
403
401
399
394
391
385
380
374
368
363
358
354
350
348
346
344
344
344
343
342
341
343
344
344
344
342
344
345
346
346
346
347
349
350
348
348
349
352
351
353
352
351
353
356
357
355
357
357
357
359
359
358
354
350
348
345
344
345
347
346
346
347
358
379
395
406
415
405
326
235
204
224
262
292
311
320
334
351
365
371
374
375
375
378
379
380
382
384
384
387
390
390
391
383
385
405
407
410
411
412
414
413
413
412
409
404
398
391
383
376
371
363
356
351
348
344
342
341
340
339
340
339
339
339
340
340
340
340
341
343
343
344
344
345
346
346
347
346
346
346
347
347
347
348
348
349
348
350
352
354
353
355
356
355
357
358
358
353
350
348
344
345
345
345
344
345
347
355
377
395
404
413
393
309
235
219
237
266
291
308
325
344
362
370
373
375
376
376
379
381
383
385
389
391
390
392
396
398
400
403
404
405
407
409
410
411
412
413
412
410
407
404
397
390
383
377
368
362
356
351
347
344
342
341
340
389
353
351
349
347
345
343
344
343
342
341
343
344
342
343
343
343
343
344
345
346
346
348
349
350
352
350
349
350
351
351
353
356
356
354
356
357
358
358
358
357
354
350
346
344
345
347
346
345
347
353
371
390
401
409
413
358
261
202
206
244
279
304
316
325
341
357
369
372
372
374
377
378
378
381
383
383
384
385
387
389
390
391
393
397
398
399
400
400
401
402
402
401
397
394
389
384
379
373
366
361
356
352
349
347
346
346
345
344
343
343
344
343
343
344
345
345
346
345
344
345
346
346
346
346
346
347
347
348
349
351
353
398
393
354
350
347
345
342
341
341
340
340
341
340
340
339
340
340
340
341
342
342
343
343
344
344
344
344
346
346
346
347
348
349
350
353
354
354
355
355
355
356
355
351
348
344
343
342
342
342
343
343
346
360
379
390
397
397
347
255
208
217
247
278
299
314
333
352
365
370
372
374
375
377
380
381
381
382
386
389
390
392
395
397
399
401
403
405
406
408
409
409
408
409
407
405
402
398
391
383
377
370
363
357
354
349
344
343
343
342
341
342
342
342
341
342
342
344
344
344
344
344
343
344
345
346
347
346
346
348
349
349
349
342
344
54
344
346
347
347
347
347
348
347
349
353
355
354
354
354
355
355
355
354
351
345
343
342
343
343
342
342
343
346
359
381
395
405
416
397
304
215
190
219
260
290
307
315
331
349
364
369
370
372
374
377
379
381
380
383
384
385
386
388
390
392
393
397
399
400
400
399
399
400
399
398
395
394
389
384
379
374
368
363
357
354
350
346
345
345
342
341
341
341
342
342
343
342
342
343
346
347
347
347
346
345
347
346
348
349
351
351
351
354
356
355
354
355
356
358
359
358
354
349
347
345
345
345
345
344
346
348
360
380
396
404
4
400
399
370
364
360
356
352
349
348
345
344
344
344
342
341
341
342
342
342
344
345
345
346
347
348
347
347
347
347
347
349
350
352
353
354
354
355
357
358
357
357
355
351
347
345
345
346
345
345
346
348
360
380
391
398
405
377
283
207
203
236
271
298
316
328
343
360
371
373
374
376
377
377
380
383
384
386
389
390
392
393
396
398
399
401
402
403
404
404
405
405
404
402
400
398
392
387
380
372
367
361
355
350
348
346
343
342
340
340
339
339
341
340
340
340
340
340
341
342
342
343
344
345
346
346
347
347
349
349
350
353
355
383
395
211
209
241
275
300
312
326
344
362
368
373
373
374
376
378
380
382
383
386
387
389
390
394
395
397
399
402
404
404
406
408
407
408
408
406
403
399
394
388
382
376
369
362
355
353
350
346
344
343
342
342
341
341
341
341
341
341
341
343
342
343
344
345
345
346
346
347
347
348
348
346
346
348
350
351
353
355
355
353
354
356
356
356
357
355
350
347
345
345
344
344
344
345
345
354
374
393
404
416
417
351
252
198
209
250
283
307
317
328
345
363
370
373
375
376
377
379
382
383
384
385
386
389
393
393
394
395
397
399
400
86
387
389
407
407
406
406
406
402
400
395
387
380
374
367
361
357
353
348
346
344
342
342
341
342
342
341
341
342
342
343
343
342
343
344
344
345
345
346
347
348
347
347
347
348
348
350
353
355
355
356
358
357
358
359
358
354
350
347
344
343
344
344
343
344
346
355
374
390
399
405
377
287
216
209
236
269
296
312
328
347
363
371
374
375
376
378
380
381
383
385
386
388
390
392
394
397
399
401
403
405
407
407
408
409
410
410
409
407
404
397
390
383
375
370
363
357
352
348
344
341
341
340
340
338
338
339
339
339
340
341
342
342

401
401
398
394
390
387
382
374
367
363
360
355
351
349
346
344
343
342
343
344
342
342
342
342
343
342
343
344
345
345
346
346
346
347
348
349
349
349
351
355
357
357
357
356
357
357
358
358
354
350
348
347
345
344
344
344
343
346
359
380
395
404
416
400
314
224
191
215
256
289
309
319
333
351
366
371
372
375
376
377
380
380
381
384
384
386
388
390
391
394
395
397
400
400
402
403
403
402
402
401
400
395
390
384
379
373
367
363
359
355
351
350
348
346
344
343
343
343
343
343
342
342
343
344
345
346
347
346
346
346
348
348
89
392
400
402
403
403
403
403
402
401
399
395
388
381
375
369
364
358
355
350
348
345
344
342
341
341
342
341
341
341
341
341
341
343
343
343
343
344
345
345
347
347
346
346
349
352
354
355
355
355
358
359
359
359
354
351
347
345
344
345
344
343
343
345
358
377
389
396
401
367
275
207
205
236
270
298
315
331
348
365
371
374
374
376
377
379
381
381
384
387
390
391
393
395
397
400
401
403
406
408
409
409
410
410
410
408
405
400
396
390
383
376
370
365
359
354
349
346
344
343
342
343
342
342
341
341
343
343
345
344
344
344
34
330
349
378
379
381
382
385
388
391
392
395
397
399
400
401
402
405
406
408
410
411
410
409
408
406
404
397
390
383
376
369
362
356
350
346
343
342
340
339
338
338
339
340
340
339
340
341
340
342
343
342
343
344
343
344
346
347
346
346
346
348
350
352
353
354
353
355
357
356
356
354
351
346
343
342
343
342
343
343
345
352
371
389
399
409
409
341
244
197
211
249
280
302
314
327
347
363
369
371
374
374
375
377
379
382
385
386
388
389
392
395
397
397
397
399
401
403
403
405
405
404
403
401
399
395
391
384
376
370
364
359
353
347
344
343
343
343
344
344
344
345
346
346
346
347
347
349
349
352
354
355
356
356
355
356
358
357
355
353
349
345
342
343
344
345
344
344
348
366
385
395
402
405
349
250
193
205
245
278
304
316
330
344
360
368
371
371
372
375
377
377
379
381
382
384
386
388
389
390
392
394
396
398
400
400
402
402
402
400
398
395
391
385
380
373
366
361
356
351
346
343
340
340
340
339
338
339
339
339
339
340
340
340
341
343
342
343
345
346
347
348
347
347
347
347
347
348
351
352
353
355
357
358
359
360
