358
358
359
361
362
362
358
355
352
349
349
349
350
349
349
353
370
397
413
418
418
381
282
217
215
244
275
299
315
331
350
369
378
382
384
383
385
389
391
393
396
398
400
402
404
406
407
409
412
414
415
417
418
419
419
419
419
417
415
413
409
403
397
392
386
380
374
369
364
361
360
358
357
355
355
355
355
355
356
357
357
358
359
359
360
360
361
362
361
362
361
362
362
362
361
363
362
362
362
362
364
367
370
368
370
371
371
373
374
372
367
364
362
361
360
361
360
361
361
366
387
415
428
431
429
372
272
220
226
256
286
309
327
347
366
383
387
390
391
394
396
398
399
401
403
405
407
410
411
413
416
417
420
421
422
424
425
426
425
426
424
423
419
416
412
406
400
392
386
380
374
369
364
362
359
357
356
354
354
354
354
353
355
355
356
356
357
357
357
357
358
358
359
359
361
361
360
359
359
360
359
359
359
358
357
358
360
363
363
364
365
364
366
369
369
365
359
356
354
352
352
352
353
354
354
361
384
406
417
422
413
335
243
210
223
255
284
305
323
343
363
375
380
383
384
387
388
390
392
394
397
398
400
403
404
406
408
410
411
412
413
413
413
414
415
414
412
411
409
406
402
396
391
383
377
371
365
359
355
351
351
348
345
345
345
345
345
345
346
347
348
347
347
348
350
349
350
349
349
349
349
349
349
348
349
349
347
347
347
347
347
347
346
346
347
350
353
352
353
355
357
360
362
360
355
351
347
345
346
347
346
346
347
349
365
390
407
415
423
400
310
226
203
225
256
283
303
318
338
358
369
373
376
377
378
380
382
384
387
388
390
393
394
396
398
399
401
403
403
405
407
405
406
406
405
404
403
400
397
393
389
384
378
372
367
362
356
352
349
346
345
344
344
343
344
344
345
345
346
347
348
349
349
349
350
350
350
350
350
350
350
350
348
347
347
347
347
348
348
346
345
347
347
351
352
352
353
354
357
359
358
355
351
347
345
346
347
347
346
347
349
362
386
406
415
422
415
343
246
202
217
256
283
303
316
330
348
366
374
377
378
381
384
385
388
391
392
393
394
396
398
399
400
403
404
406
406
407
407
407
408
408
407
405
403
401
397
392
388
382
378
374
369
366
365
362
359
358
357
356
355
356
358
357
357
360
361
362
363
364
365
364
364
366
367
367
368
368
369
366
366
367
368
368
367
369
373
375
378
378
381
382
385
388
390
388
386
383
383
384
386
387
389
391
394
405
428
451
462
469
474
427
332
268
266
300
332
357
372
383
400
419
433
439
440
442
445
448
449
452
456
458
459
461
462
464
466
467
469
470
470
472
474
474
473
471
470
468
466
462
459
453
448
443
439
435
429
424
421
418
415
414
414
413
411
410
409
408
410
410
409
408
407
407
406
406
406
403
403
402
401
400
399
396
395
394
391
390
390
390
387
386
385
385
385
384
382
377
373
368
364
364
363
361
360
359
361
377
399
413
418
423
401
313
226
202
225
260
286
302
311
324
340
353
359
362
363
362
364
366
366
368
368
370
370
370
371
373
375
376
377
377
377
377
377
377
376
373
372
370
366
362
356
352
345
340
337
330
325
322
319
317
314
312
310
309
306
306
306
305
304
304
304
305
305
306
305
306
306
306
307
308
307
307
308
310
309
308
310
312
315
314
314
314
313
313
315
314
309
304
302
298
298
299
299
299
298
304
320
344
359
365
366
333
238
160
154
186
217
240
256
267
283
299
310
315
317
317
318
321
323
324
325
326
326
327
329
331
332
334
335
335
336
336
338
338
337
336
336
333
329
326
321
316
311
305
299
294
291
286
282
278
275
272
270
270
269
268
266
266
265
265
265
266
264
263
263
264
265
264
266
266
266
266
266
266
268
267
268
269
271
272
273
273
273
275
276
277
274
272
267
264
262
262
262
261
261
263
269
293
318
328
331
327
261
159
116
133
169
199
221
238
255
276
293
299
302
304
305
307
310
312
316
318
321
324
325
328
332
332
336
338
341
344
347
350
352
352
352
352
350
348
346
341
336
330
324
318
313
309
305
301
299
297
297
297
296
297
297
299
299
299
302
303
305
307
308
309
309
311
312
313
313
313
314
316
317
317
318
320
321
322
322
325
329
330
331
332
333
336
339
338
336
332
329
328
327
327
326
327
328
331
342
370
394
402
405
386
299
211
192
216
249
276
297
315
335
355
367
372
374
377
381
384
386
388
391
393
396
398
401
404
407
408
412
414
416
419
420
422
422
423
423
422
421
418
415
410
404
396
391
384
379
375
371
368
365
364
363
362
361
361
360
360
361
362
362
361
363
363
365
367
368
369
369
370
370
371
370
370
371
371
371
371
373
373
374
374
376
379
381
381
382
382
383
386
386
383
378
374
372
370
371
372
372
372
373
378
400
426
440
444
439
377
276
227
237
270
301
325
342
361
381
397
402
405
407
409
410
413
414
415
417
419
421
423
425
427
430
431
432
434
436
437
437
438
439
438
438
435
432
429
424
419
414
407
401
394
389
384
378
374
372
370
368
366
367
367
367
368
368
368
368
369
369
369
370
369
369
368
369
371
371
370
371
371
371
371
372
372
372
372
372
371
371
373
376
376
377
378
379
380
381
379
374
370
367
365
365
365
365
365
365
366
381
405
421
432
442
411
316
240
225
245
276
303
323
342
362
382
390
393
394
395
397
399
401
402
404
406
408
410
412
415
417
418
419
422
423
424
425
425
425
426
425
422
420
418
414
411
404
397
391
384
376
370
366
360
357
356
354
354
353
353
352
352
353
353
353
355
356
357
357
357
358
358
359
359
358
357
356
355
356
356
355
354
354
353
353
353
354
355
356
355
356
357
358
358
361
364
364
362
358
355
351
350
349
349
349
349
350
352
364
389
408
418
427
420
344
247
204
220
256
285
305
317
332
352
371
378
380
382
383
385
389
391
393
395
397
399
402
403
405
406
407
408
410
410
410
411
410
410
409
408
407
404
401
398
394
390
384
379
373
367
364
360
358
357
354
352
351
351
351
351
353
354
355
355
354
355
356
356
354
356
357
358
357
357
355
355
354
354
353
353
353
353
352
351
352
353
354
355
353
354
354
357
358
358
354
350
347
344
343
341
343
342
341
341
348
368
391
403
412
417
374
278
204
193
227
261
285
300
309
326
345
357
362
363
365
368
369
371
372
373
374
376
379
380
382
384
384
385
387
388
388
389
38
338
338
1
344
343
343
346
346
345
347
347
346
345
346
347
346
345
346
345
345
346
347
349
350
349
350
351
353
355
356
354
350
344
342
342
343
343
342
344
345
352
374
397
406
414
418
367
271
208
207
241
273
295
309
318
333
350
362
366
367
368
369
370
371
373
374
376
377
379
380
381
381
383
384
384
386
387
389
389
388
388
388
388
385
381
376
371
366
361
357
353
349
344
339
337
334
333
332
332
331
329
329
330
330
329
330
329
331
332
331
330
331
332
332
332
332
334
333
334
333
334
332
334
335
337
336
336
336
337
337
338
337
334
362
363
363
365
368
370
370
371
370
370
372
373
369
364
361
359
357
356
357
358
357
357
359
375
399
412
418
419
379
283
218
215
243
275
302
319
338
360
377
385
387
390
392
393
394
396
397
398
400
403
404
407
408
411
414
415
417
419
420
421
423
423
423
423
422
418
415
411
404
396
388
382
375
371
365
360
356
354
351
349
349
349
349
348
348
348
349
350
351
353
352
352
353
353
353
353
354
353
354
355
355
355
354
354
353
353
354
354
354
357
360
361
362
362
362
364
365
363
359
356
353
351
351
351
350
350
350
351
362
385
403
412
423
408
359
359

344
345
351
369
393
407
415
421
389
297
219
203
232
268
295
312
321
335
353
367
373
375
376
377
378
379
381
383
387
388
391
391
391
393
397
399
400
400
401
402
402
402
401
400
399
396
392
388
384
379
374
369
365
360
355
351
351
349
347
345
344
344
344
343
344
343
343
342
344
345
346
347
348
349
350
349
349
349
348
349
351
352
351
349
350
354
356
356
354
354
356
359
359
359
356
353
350
347
347
348
348
346
345
347
358
379
401
411
416
415
358
262
208
214
250
281
304
316
325
339
356
368
371
372
374
376
378
380
381
383

347
346
3
347
349
352
353
354
354
354
355
357
356
352
349
346
343
343
344
343
344
345
345
350
375
402
415
417
411
348
248
203
213
245
273
294
311
332
351
366
372
373
374
376
378
378
380
383
385
387
389
392
396
397
399
401
403
405
408
409
411
412
413
413
411
411
408
404
398
392
385
377
369
363
357
352
348
345
343
341
340
339
339
339
339
339
339
339
340
340
341
342
343
343
344
346
346
346
346
347
347
346
346
346
346
346
346
346
345
344
346
345
346
348
350
352
352
354
356
357
359
360
357
352
349
347
344
344
345
344
344
344
347
356
281
4
375
376
377
380
382
383
384
386
387
389
391
393
394
396
399
399
401
403
403
404
403
402
401
400
398
394
389
385
380
375
371
365
359
356
353
349
348
346
344
342
343
343
343
342
342
344
344
344
345
347
348
347
348
349
348
348
349
349
349
348
348
348
348
347
347
347
348
348
348
348
347
348
350
350
351
352
354
353
354
356
357
355
352
351
348
346
346
347
347
345
346
350
366
391
407
415
422
407
327
239
212
230
263
289
307
316
330
347
364
373
374
376
377
381
381
382
385
386
386
387
390
391
393
395
398
399
401
402
402
403

417
384
09
322
339
355
367
372
373
375
377
379
381
383
386
387
389
390
392
393
395
397
398
402
404
406
407
407
407
407
406
405
402
399
394
387
382
375
368
363
359
353
349
346
346
343
343
342
342
340
340
341
341
341
342
342
342
343
343
345
344
344
345
345
346
346
347
349
348
348
348
348
349
349
349
350
353
355
355
356
355
357
359
360
359
354
351
348
346
345
344
344
344
344
345
356
384
405
413
414
397
309
216
193
217
251
278
299
315
333
353
366
370
373
375
376
379
380
382
384
385
388
391
394
394
396
399
401
403
406
407
410
412
326
9
328
328
329
328
328
328
327
327
327
328
328
328
328
327
329
332
333
332
334
335
337
339
340
338
333
328
326
324
324
324
324
323
324
327
340
364
382
394
403
390
307
213
175
192
229
258
278
291
309
330
347
354
356
358
362
364
366
366
368
370
373
375
377
378
380
382
384
384
385
388
390
391
392
393
393
391
390
387
383
380
375
369
364
358
353
348
343
339
337
335
331
330
331
330
330
330
330
331
332
332
332
334
334
335
337
338
338
339
340
342
343
345
345
344
344
346
346
347
348
349
352
354
356
357
356
358
358
361
362
361
404
405
402
398
394
389
383
378
374
369
363
359
356
353
351
351
350
349
349
349
348
347
347
348
348
348
349
351
351
351
352
352
352
354
355
354
355
356
356
355
356
359
363
364
363
364
364
364
364
365
363
360
357
353
351
350
350
350
350
350
351
364
386
403
410
413
393
305
220
204
232
266
294
312
323
338
355
370
376
377
379
381
383
384
385
388
390
392
395
396
397
399
401
402
404
406
408
408
408
409
408
408
406
404
400
396
391
386
380
375
370
364
358
355
352
351
350
349
348
349
347
347
347
346
347
347
347
347
348
348
349
349
329
412
356

329
349
364
371
373
375
378
379
380
384
385
388
389
390
392
395
396
398
401
402
405
408
409
411
411
412
411
411
409
407
405
400
394
388
380
373
367
359
354
350
346
343
342
339
338
337
337
338
338
337
339
339
339
339
340
341
341
343
343
344
343
344
344
344
345
346
347
347
347
348
347
345
345
345
345
346
346
346
345
349
351
351
353
355
355
358
360
360
354
350
346
345
344
344
344
344
345
346
354
376
397
408
422
422
352
256
212
218
246
274
296
312
332
352
366
371
374
376
376
379
381
383
385
387
389
391
395
395
397
398

400
402
394
389
386
381
378
372
368
364
358
352
350
348
346
344
344
345
343
342
341
343
341
341
343
343
344
345
345
346
346
346
348
348
348
348
348
349
347
349
348
349
349
348
351
352
355
355
353
354
355
357
358
360
358
354
350
347
344
345
346
346
345
345
350
369
393
408
416
419
386
297
221
205
234
267
295
308
317
332
350
364
369
374
375
377
378
380
382
384
385
387
388
389
391
393
394
396
398
400
401
402
403
405
404
402
401
399
395
390
386
378
375
368
362
357
354
351
349
346
346
345
343
343
344
344
344
343
342
343
343
344
402
4
348
345
341
339
337
336
334
334
335
335
336
335
335
336
337
337
338
338
339
339
342
341
341
341
341
341
342
342
342
343
343
342
342
343
343
344
343
345
348
350
349
352
352
353
356
357
354
349
347
344
342
342
344
343
342
342
343
358
386
407
413
413
381
286
208
199
225
256
283
302
321
341
360
369
372
374
376
377
379
381
384
385
388
391
392
395
398
400
402
404
406
409
411
413
416
416
416
415
414
412
409
406
400
393
385
379
370
363
358
353
348
345
343
342
341
340
339
339
339
340
341
340
341
341
343
343
343
344
344
344
327
305
323
341
352
355
356
359
361
362
365
367
367
368
370
372
374
376
377
379
381
382
383
383
385
385
384
384
383
381
379
376
372
366
361
356
351
346
342
338
334
332
331
330
329
328
328
327
328
328
328
329
329
331
332
332
334
334
334
336
336
336
336
336
337
336
337
338
337
340
340
340
340
342
343
344
345
347
348
348
348
347
346
343
339
336
336
336
337
338
338
339
352
378
396
405
412
406
333
239
196
210
247
275
299
309
320
337
355
364
367
368
370
373
373
375
376
377
379
381
384
386
387
391
392
392
394
397
399
400
401
342
340
360
374
379
381
382
385
387
389
391
393
395
398
400
401
403
407
409
410
412
415
416
417
418
419
419
418
418
416
414
410
404
396
388
382
374
368
363
358
354
352
350
347
346
346
346
345
345
344
344
345
344
344
346
346
347
348
348
348
349
350
351
350
350
350
350
352
352
352
351
351
352
355
357
357
359
359
359
361
362
361
356
352
350
346
345
347
347
346
347
349
361
385
402
409
411
380
285
210
205
233
264
290
308
325
345
363
371
375
377
379
380
383
384
387
388
391
392
395
397
399
400
403
405
407
409
411
413
415
415
41
344
345
345
344
345
345
346
346
345
346
346
346
346
346
345
347
349
351
349
350
352
351
353
356
356
352
349
345
343
343
342
344
344
344
345
355
378
399
410
421
425
368
269
206
207
242
272
293
307
319
338
357
367
370
373
375
376
378
380
381
382
383
384
385
387
389
390
392
394
396
398
398
400
400
399
399
398
396
394
390
387
384
378
372
369
363
358
353
350
348
346
344
342
342
342
340
339
339
341
342
342
342
342
342
343
344
343
345
346
346
346
346
346
346
347
346
346
347
348
348
348
349
348
347
349
352
353
352
353
352
354
356
358
321
337

377
379
381
383
384
386
388
390
393
394
395
397
399
402
404
405
406
408
408
407
407
406
404
401
396
390
382
375
369
363
357
352
349
345
343
342
341
341
339
340
340
340
340
340
341
341
340
340
341
342
343
344
345
346
346
346
347
347
346
347
346
347
347
348
348
349
350
352
354
354
356
356
358
359
359
358
352
348
346
345
345
345
345
343
343
346
363
389
404
410
413
377
279
208
205
235
266
290
307
324
343
361
370
373
374
377
378
380
382
384
385
387
389
391
393
396
399
402
404
407
408
409
411
413
413
413
413
411
409
405
39
340
345
345
346
347
345
346
346
347
346
347
347
347
347
347
346
346
345
346
345
345
347
351
352
351
352
354
356
358
359
355
350
346
345
342
342
343
344
343
344
348
367
389
404
415
427
394
299
221
206
230
260
285
303
320
341
361
371
374
375
377
379
381
383
385
386
388
390
391
394
396
398
399
401
402
405
407
408
409
410
410
409
408
406
404
400
395
388
380
375
369
364
357
352
351
347
345
343
342
341
341
341
340
339
340
341
341
342
343
344
344
345
346
346
345
345
346
345
347
347
347
347
346
346
347
346
346
346
346
346
346
345
380
381
399
400
401
403
403
404
405
405
404
403
399
396
391
387
382
375
369
365
359
356
351
349
346
344
343
344
344
343
343
342
341
341
342
343
344
343
344
344
345
346
348
348
346
347
348
347
349
349
349
348
348
349
350
352
353
352
352
354
355
355
357
356
354
349
346
345
342
343
343
344
344
345
358
381
398
406
411
398
313
220
195
219
254
282
304
316
331
350
364
370
372
374
375
377
379
380
382
385
386
388
390
393
395
396
399
400
402
404
406
407
408
407
406
405
403
400
396
390
383
377
371
365
359
354
351
348
345
343
342
340
349
338
337
204
193
220
251
279
300
317
336
356
366
369
369
371
374
376
377
379
382
383
386
389
390
392
394
397
399
401
403
404
406
407
410
410
408
409
407
404
399
394
388
380
373
366
359
353
348
345
341
338
337
336
335
335
334
333
334
335
335
336
337
337
336
338
339
339
338
339
340
340
339
340
340
340
340
342
341
341
342
342
342
341
342
344
347
348
348
350
350
353
354
354
352
349
346
342
341
342
341
341
342
342
346
363
384
401
412
422
389
296
216
200
225
258
286
302
317
338
358
370
374
375
376
380
383
384
385
389
390
390
393
376
378
390
392
393
395
396
397
399
400
402
402
401
402
401
400
398
391
386
382
377
372
367
361
356
351
348
345
343
343
341
342
342
341
342
342
342
341
342
343
343
343
343
344
346
346
347
347
347
348
348
350
350
350
354
355
355
356
356
356
358
359
359
356
353
349
346
344
343
343
344
344
345
354
373
391
400
406
403
337
242
198
211
247
277
301
314
327
343
359
368
371
373
375
377
379
380
382
383
384
387
388
390
392
395
396
398
400
401
403
403
405
406
405
402
400
398
394
389
383
377
371
365
359
354
351
348
346
343
342
342
340
341
443
344
344
343
344
346
347
347
350
352
352
353
353
354
356
358
359
353
349
346
344
342
341
342
342
343
344
355
378
396
404
410
384
294
214
200
224
256
284
303
320
340
359
368
373
375
376
377
380
383
385
386
387
389
391
394
396
399
401
403
406
408
410
412
414
415
415
415
413
410
406
403
397
389
382
375
367
361
356
350
345
343
341
339
340
338
338
338
338
337
338
339
338
339
340
340
341
341
342
342
343
344
344
345
345
346
344
344
345
344
344
345
345
345
345
347
349
351
350
353
352
354
356
359
355
349
346
344
342
342
343
372
369
373
378
380
381
385
387
388
389
389
390
392
395
397
399
400
402
403
403
402
402
400
399
397
393
389
384
377
372
368
363
359
355
351
348
347
344
343
342
343
342
341
343
343
343
343
342
344
344
345
346
345
346
348
347
347
348
349
350
349
349
350
350
350
350
350
352
355
357
355
354
355
356
358
358
357
355
350
348
346
345
344
345
346
345
348
361
384
402
413
421
414
338
245
205
218
256
284
306
316
326
343
358
367
370
371
373
375
377
377
379
380
383
385
387
387
389
