371
370
371
371
372
371
370
368
366
361
357
352
352
350
349
348
347
346
346
345
345
344
342
341
341
341
341
340
341
340
342
342
343
342
343
344
345
346
344
345
346
347
347
347
347
346
348
347
347
349
349
348
350
352
354
353
354
354
355
357
358
356
352
348
347
345
344
343
345
345
344
349
371
398
412
409
403
352
250
200
214
248
274
293
309
328
336
328
335
339
340
342
345
346
347
348
351
353
354
356
359
361
362
364
366
369
371
373
375
376
376
375
374
371
368
363
360
353
347
348
347
346
346
345
345
344
342
342
342
342
342
342
341
341
341
340
341
343
343
343
343
344
344
344
346
347
347
348
348
347
348
348
347
348
348
349
349
348
349
349
351
353
355
354
355
355
359
361
362
360
353
350
348
346
346
345
345
345
346
351
372
399
412
411
405
353
253
202
213
245
272
293
310
330
336
328
335
339
340
342
345
346
347
348
351
353
354
356
359
361
362
364
366
369
371
373
375
376
376
375
374
371
368
363
360
353
347
348
347
346
346
345
350
347
344
343
342
340
340
340
340
340
339
340
341
342
342
342
344
345
345
345
345
344
346
347
346
347
347
346
347
347
347
346
348
348
348
347
348
351
353
353
354
355
357
358
360
359
354
350
348
346
346
346
345
345
345
347
360
385
403
408
409
394
311
226
206
230
262
285
304
318
336
328
335
339
340
342
345
346
347
348
351
353
354
356
359
361
362
364
366
369
371
373
375
376
376
375
374
371
368
363
360
353
352
351
350
349
348
347
346
345
344
343
341
341
340
340
339
339
339
339
341
341
342
343
344
345
346
346
346
346
347
346
348
348
348
349
349
349
349
351
350
350
350
349
349
352
352
355
354
355
354
357
359
360
359
357
351
350
350
349
349
347
347
347
351
371
397
410
414
414
385
294
218
213
246
276
296
311
321
336
328
335
339
340
342
345
346
347
348
351
353
354
356
359
361
362
364
366
369
371
373
375
376
376
375
374
371
368
363
360
353
352
351
350
349
348
347
346
345
345
345
344
343
344
344
343
344
344
345
344
344
345
347
347
346
347
347
349
349
348
350
351
350
350
349
349
350
351
350
351
349
348
351
353
354
354
356
357
358
360
361
361
358
354
349
348
347
347
348
347
346
350
362
386
404
410
412
408
348
257
212
226
262
285
304
315
327
336
338
335
339
340
342
345
346
347
348
351
353
354
356
359
361
362
364
366
369
371
373
375
376
376
375
374
371
368
363
360
353
352
351
350
349
348
347
346
345
346
346
346
344
344
343
343
343
344
343
343
344
344
344
347
347
346
348
350
349
348
350
350
350
349
349
350
351
350
350
353
354
354
354
355
356
358
358
358
357
353
348
346
346
347
346
347
347
347
354
378
399
407
409
405
346
248
202
221
256
281
301
313
327
336
335
335
339
340
342
345
346
347
348
351
353
354
356
359
361
362
364
366
369
371
373
375
376
376
375
374
371
368
363
360
353
352
351
350
349
348
347
346
345
343
343
342
343
342
343
343
342
342
343
342
343
344
345
343
345
346
345
346
346
348
349
348
350
349
350
350
349
350
351
354
357
356
358
359
358
360
361
359
356
351
348
346
345
344
345
346
346
349
369
395
407
410
408
367
266
201
209
245
275
295
311
327
336
328
336
335
335
339
340
342
345
346
347
348
351
353
354
356
359
361
362
364
366
369
371
373
375
376
376
375
374
371
368
363
360
353
352
351
350
349
348
347
346
345
342
342
341
341
341
340
340
341
341
342
343
344
345
346
347
347
347
346
349
348
348
348
347
348
348
348
349
350
350
351
353
354
354
356
355
357
358
358
356
351
347
344
344
344
343
344
344
344
352
377
400
409
406
397
327
232
199
219
253
278
296
314
335
336
335
335
339
340
342
345
346
347
348
351
353
354
356
359
361
362
364
366
369
371
373
375
376
376
375
374
371
368
363
360
353
352
351
350
349
348
347
346
345
342
341
342
342
341
342
342
342
342
342
343
342
342
341
342
344
345
346
346
345
345
346
347
347
348
349
347
348
349
349
350
351
353
354
355
357
357
359
359
360
358
353
347
345
344
343
343
344
344
345
352
373
397
405
406
399
331
234
198
216
249
277
299
315
336
335
335
339
340
342
345
346
347
348
351
353
354
356
359
361
362
364
366
369
371
373
375
376
376
375
374
371
368
363
360
353
352
351
350
349
348
347
346
345
345
342
341
339
340
339
339
340
340
341
342
341
342
343
344
343
344
344
345
346
346
348
347
347
348
348
349
349
349
348
349
348
348
351
354
353
353
354
355
356
358
359
358
353
350
347
344
345
344
344
344
345
348
362
386
401
408
410
386
298
217
202
231
261
283
302
319
336
335
335
339
340
342
345
346
347
348
351
353
354
356
359
361
362
364
366
369
371
373
375
376
376
375
374
371
368
363
360
353
352
351
350
349
348
347
346
345
347
346
344
343
343
342
342
341
342
342
343
344
343
343
345
347
348
347
347
348
346
348
349
349
349
349
349
348
349
349
348
349
352
353
353
352
354
356
359
358
358
356
350
347
345
344
344
344
345
345
348
363
386
403
412
415
400
318
228
199
224
262
289
308
315
331
336
335
335
339
340
342
345
346
347
348
351
353
354
356
359
361
362
364
366
369
371
373
375
376
376
375
374
371
368
363
360
353
352
351
350
349
348
347
346
345
346
344
343
343
343
343
341
342
342
343
342
344
344
344
345
347
348
348
348
348
349
350
349
351
350
350
351
351
351
353
356
356
356
357
357
358
360
360
358
354
350
345
345
346
346
346
347
346
354
374
395
406
412
413
367
272
208
209
244
277
300
312
322
336
335
335
339
340
342
345
346
347
348
351
353
354
356
359
361
362
364
366
369
371
373
375
376
376
375
374
371
368
363
360
353
352
351
350
349
348
347
346
345
346
345
344
344
343
342
342
343
344
343
342
344
346
345
346
346
346
347
349
349
348
350
351
350
350
350
351
355
359
358
358
358
359
360
361
361
358
354
350
347
347
345
346
346
346
349
362
385
400
406
407
396
315
225
200
228
265
289
308
318
332
336
335
335
339
340
342
345
346
347
348
351
353
354
356
359
361
362
364
366
369
371
373
375
376
376
375
374
371
368
363
360
353
352
351
350
349
348
347
346
345
346
344
344
342
342
343
343
343
343
343
344
343
344
344
344
346
347
348
349
348
349
349
349
350
350
352
352
354
357
355
357
359
360
359
361
360
356
353
349
346
347
345
345
346
347
351
370
392
401
401
400
341
244
201
217
253
281
301
313
330
336
335
335
339
340
342
345
346
347
348
351
353
354
356
359
361
362
364
366
369
371
373
375
376
376
375
374
371
368
363
360
353
352
351
350
349
348
347
346
345
343
341
340
340
340
340
340
339
339
340
340
341
340
342
343
343
345
345
345
343
347
345
343
341
342
342
341
340
340
341
341
340
341
341
342
342
344
343
344
344
345
345
346
347
348
348
348
348
348
350
349
349
349
349
349
351
354
354
354
354
355
358
360
361
356
352
348
346
346
346
346
346
347
347
355
377
397
405
407
399
328
237
205
222
254
280
302
317
336
335
335
339
340
342
345
346
347
348
351
353
354
356
359
361
362
364
366
369
371
373
375
376
376
375
374
371
368
363
360
353
352
351
350
349
348
347
346
345
345
342
343
343
342
340
340
342
341
341
341
340
341
341
342
345
347
346
345
346
346
346
346
347
347
346
350
366
389
405
410
410
392
307
220
204
235
270
292
310
321
336
335
335
339
340
342
345
346
347
348
351
353
354
356
359
361
362
364
366
369
371
373
375
376
371
370
371
371
372
371
370
368
366
361
357
352
352
350
349
348
347
346
346
345
345
344
342
341
341
341
341
340
341
340
342
342
343
342
343
344
345
346
344
345
346
347
347
347
347
346
348
347
347
349
349
348
350
352
354
353
354
354
355
357
358
356
352
348
347
345
344
343
345
345
344
349
371
398
412
409
403
352
250
200
214
248
274
293
309
328
336
328
335
339
340
342
345
346
347
348
351
353
354
356
359
361
362
364
366
369
371
373
375
376
376
375
374
371
368
363
360
353
347
348
347
346
346
345
345
344
342
342
342
342
342
342
341
341
341
340
341
343
343
343
343
344
344
344
346
347
347
348
348
347
348
348
347
348
348
349
349
348
349
349
351
353
355
354
355
355
359
361
362
360
353
350
348
346
346
345
345
345
346
351
372
399
412
411
405
353
253
202
213
245
272
293
310
330
336
328
335
339
340
342
345
346
347
348
351
353
354
356
359
361
362
364
366
369
371
373
375
376
376
375
374
371
368
363
360
353
347
348
347
346
346
345
350
347
344
343
342
340
340
340
340
340
339
340
341
342
342
342
344
345
345
345
345
344
346
347
346
347
347
346
347
347
347
346
348
348
348
347
348
351
353
353
354
355
357
358
360
359
354
350
348
346
346
346
345
345
345
347
360
385
403
408
409
394
311
226
206
230
262
285
304
318
336
328
335
339
340
342
345
346
347
348
351
353
354
356
359
361
362
364
366
369
371
373
375
376
376
375
374
371
368
363
360
353
352
351
350
349
348
347
346
345
344
343
341
341
340
340
339
339
339
339
341
341
342
343
344
345
346
346
346
346
347
346
348
348
348
349
349
349
349
351
350
350
350
349
349
352
352
355
354
355
354
357
359
360
359
357
351
350
350
349
349
347
347
347
351
371
397
410
414
414
385
294
218
213
246
276
296
311
321
336
328
335
339
340
342
345
346
347
348
351
353
354
356
359
361
362
364
366
369
371
373
375
376
376
375
374
371
368
363
360
353
352
351
350
349
348
347
346
345
345
345
344
343
344
344
343
344
344
345
344
344
345
347
347
346
347
347
349
349
348
350
351
350
350
349
349
350
351
350
351
349
348
351
353
354
354
356
357
358
360
361
361
358
354
349
348
347
347
348
347
346
350
362
386
404
410
412
408
348
257
212
226
262
285
304
315
327
336
338
335
339
340
342
345
346
347
348
351
353
354
356
359
361
362
364
366
369
371
373
375
376
376
375
374
371
368
363
360
353
352
351
350
349
348
347
346
345
346
346
346
344
344
343
343
343
344
343
343
344
344
344
347
347
346
348
350
349
348
350
350
350
349
349
350
351
350
350
353
354
354
354
355
356
358
358
358
357
353
348
346
346
347
346
347
347
347
354
378
399
407
409
405
346
248
202
221
256
281
301
313
327
336
335
335
339
340
342
345
346
347
348
351
353
354
356
359
361
362
364
366
369
371
373
375
376
376
375
374
371
368
363
360
353
352
351
350
349
348
347
346
345
343
343
342
343
342
343
343
342
342
343
342
343
344
345
343
345
346
345
346
346
348
349
348
350
349
350
350
349
350
351
354
357
356
358
359
358
360
361
359
356
351
348
346
345
344
345
346
346
349
369
395
407
410
408
367
266
201
209
245
275
295
311
327
336
328
336
335
335
339
340
342
345
346
347
348
351
353
354
356
359
361
362
364
366
369
371
373
375
376
376
375
374
371
368
363
360
353
352
351
350
349
348
347
346
345
342
342
341
341
341
340
340
341
341
342
343
344
345
346
347
347
347
346
349
348
348
348
347
348
348
348
349
350
350
351
353
354
354
356
355
357
358
358
356
351
347
344
344
344
343
344
344
344
352
377
400
409
406
397
327
232
199
219
253
278
296
314
335
336
335
335
339
340
342
345
346
347
348
351
353
354
356
359
361
362
364
366
369
371
373
375
376
376
375
374
371
368
363
360
353
352
351
350
349
348
347
346
345
342
341
342
342
341
342
342
342
342
342
343
342
342
341
342
344
345
346
346
345
345
346
347
347
348
349
347
348
349
349
350
351
353
354
355
357
357
359
359
360
358
353
347
345
344
343
343
344
344
345
352
373
397
405
406
399
331
234
198
216
249
277
299
315
336
335
335
339
340
342
345
346
347
348
351
353
354
356
359
361
362
364
366
369
371
373
375
376
376
375
374
371
368
363
360
353
352
351
350
349
348
347
346
345
345
342
341
339
340
339
339
340
340
341
342
341
342
343
344
343
344
344
345
346
346
348
347
347
348
348
349
349
349
348
349
348
348
351
354
353
353
354
355
356
358
359
358
353
350
347
344
345
344
344
344
345
348
362
386
401
408
410
386
298
217
202
231
261
283
302
319
336
335
335
339
340
342
345
346
347
348
351
353
354
356
359
361
362
364
366
369
371
373
375
376
376
375
374
371
368
363
360
353
352
351
350
349
348
347
346
345
347
346
344
343
343
342
342
341
342
342
343
344
343
343
345
347
348
347
347
348
346
348
349
349
349
349
349
348
349
349
348
349
352
353
353
352
354
356
359
358
358
356
350
347
345
344
344
344
345
345
348
363
386
403
412
415
400
318
228
199
224
262
289
308
315
331
336
335
335
339
340
342
345
346
347
348
351
353
354
356
359
361
362
364
366
369
371
373
375
376
376
375
374
371
368
363
360
353
352
351
350
349
348
347
346
345
346
344
343
343
343
343
341
342
342
343
342
344
344
344
345
347
348
348
348
348
349
350
349
351
350
350
351
351
351
353
356
356
356
357
357
358
360
360
358
354
350
345
345
346
346
346
347
346
354
374
395
406
412
413
367
272
208
209
244
277
300
312
322
336
335
335
339
340
342
345
346
347
348
351
353
354
356
359
361
362
364
366
369
371
373
375
376
376
375
374
371
368
363
360
353
352
351
350
349
348
347
346
345
346
345
344
344
343
342
342
343
344
343
342
344
346
345
346
346
346
347
349
349
348
350
351
350
350
350
351
355
359
358
358
358
359
360
361
361
358
354
350
347
347
345
346
346
346
349
362
385
400
406
407
396
315
225
200
228
265
289
308
318
332
336
335
335
339
340
342
345
346
347
348
351
353
354
356
359
361
362
364
366
369
371
373
375
376
376
375
374
371
368
363
360
353
352
351
350
349
348
347
346
345
346
344
344
342
342
343
343
343
343
343
344
343
344
344
344
346
347
348
349
348
349
349
349
350
350
352
352
354
357
355
357
359
360
359
361
360
356
353
349
346
347
345
345
346
347
351
370
392
401
401
400
341
244
201
217
253
281
301
313
330
336
335
335
339
340
342
345
346
347
348
351
353
354
356
359
361
362
364
366
369
371
373
375
376
376
375
374
371
368
363
360
353
352
351
350
349
348
347
346
345
343
341
340
340
340
340
340
339
339
340
340
341
340
342
343
343
345
345
345
343
347
345
343
341
342
342
341
340
340
341
341
340
341
341
342
342
344
343
344
344
345
345
346
347
348
348
348
348
348
350
349
349
349
349
349
351
354
354
354
354
355
358
360
361
356
352
348
346
346
346
346
346
347
347
355
377
397
405
407
399
328
237
205
222
254
280
302
317
336
335
335
339
340
342
345
346
347
348
351
353
354
356
359
361
362
364
366
369
371
373
375
376
376
375
374
371
368
363
360
353
352
351
350
349
348
347
346
345
345
342
343
343
342
340
340
342
341
341
341
340
341
341
342
345
347
346
345
346
346
346
346
347
347
346
350
366
389
405
410
410
392
307
220
204
235
270
292
310
321
336
335
335
339
340
342
345
346
347
348
351
353
354
356
359
361
362
364
366
369
371
373
375
376
371
370
371
371
372
371
370
368
366
361
357
352
352
350
349
348
347
346
346
345
345
344
342
341
341
341
341
340
341
340
342
342
343
342
343
344
345
346
344
345
346
347
347
347
347
346
348
347
347
349
349
348
350
352
354
353
354
354
355
357
358
356
352
348
347
345
344
343
345
345
344
349
371
398
412
409
403
352
250
200
214
248
274
293
309
328
336
328
335
339
340
342
345
346
347
348
351
353
354
356
359
361
362
364
366
369
371
373
375
376
376
375
374
371
368
363
360
353
347
348
347
346
346
345
345
344
342
342
342
342
342
342
341
341
341
340
341
343
343
343
343
344
344
344
346
347
347
348
348
347
348
348
347
348
348
349
349
348
349
349
351
353
355
354
355
355
359
361
362
360
353
350
348
346
346
345
345
345
346
351
372
399
412
411
405
353
253
202
213
245
272
293
310
330
336
328
335
339
340
342
345
346
347
348
351
353
354
356
359
361
362
364
366
369
371
373
375
376
376
375
374
371
368
363
360
353
347
348
347
346
346
345
350
347
344
343
342
340
340
340
340
340
339
340
341
342
342
342
344
345
345
345
345
344
346
347
346
347
347
346
347
347
347
346
348
348
348
347
348
351
353
353
354
355
357
358
360
359
354
350
348
346
346
346
345
345
345
347
360
385
403
408
409
394
311
226
206
230
262
285
304
318
336
328
335
339
340
342
345
346
347
348
351
353
354
356
359
361
362
364
366
369
371
373
375
376
376
375
374
371
368
363
360
353
352
351
350
349
348
347
346
345
344
343
341
341
340
340
339
339
339
339
341
341
342
343
344
345
346
346
346
346
347
346
348
348
348
349
349
349
349
351
350
350
350
349
349
352
352
355
354
355
354
357
359
360
359
357
351
350
350
349
349
347
347
347
351
371
397
410
414
414
385
294
218
213
246
276
296
311
321
336
328
335
339
340
342
345
346
347
348
351
353
354
356
359
361
362
364
366
369
371
373
375
376
376
375
374
371
368
363
360
353
352
351
350
349
348
347
346
345
345
345
344
343
344
344
343
344
344
345
344
344
345
347
347
346
347
347
349
349
348
350
351
350
350
349
349
350
351
350
351
349
348
351
353
354
354
356
357
358
360
361
361
358
354
349
348
347
347
348
347
346
350
362
386
404
410
412
408
348
257
212
226
262
285
304
315
327
336
338
335
339
340
342
345
346
347
348
351
353
354
356
359
361
362
364
366
369
371
373
375
376
376
375
374
371
368
363
360
353
352
351
350
349
348
347
346
345
346
346
346
344
344
343
343
343
344
343
343
344
344
344
347
347
346
348
350
349
348
350
350
350
349
349
350
351
350
350
353
354
354
354
355
356
358
358
358
357
353
348
346
346
347
346
347
347
347
354
378
399
407
409
405
346
248
202
221
256
281
301
313
327
336
335
335
339
340
342
345
346
347
348
351
353
354
356
359
361
362
364
366
369
371
373
375
376
376
375
374
371
368
363
360
353
352
351
350
349
348
347
346
345
343
343
342
343
342
343
343
342
342
343
342
343
344
345
343
345
346
345
346
346
348
349
348
350
349
350
350
349
350
351
354
357
356
358
359
358
360
361
359
356
351
348
346
345
344
345
346
346
349
369
395
407
410
408
367
266
201
209
245
275
295
311
327
336
328
336
335
335
339
340
342
345
346
347
348
351
353
354
356
359
361
362
364
366
369
371
373
375
376
376
375
374
371
368
363
360
353
352
351
350
349
348
347
346
345
342
342
341
341
341
340
340
341
341
342
343
344
345
346
347
347
347
346
349
348
348
348
347
348
348
348
349
350
350
351
353
354
354
356
355
357
358
358
356
351
347
344
344
344
343
344
344
344
352
377
400
409
406
397
327
232
199
219
253
278
296
314
335
336
335
335
339
340
342
345
346
347
348
351
353
354
356
359
361
362
364
366
369
371
373
375
376
376
375
374
371
368
363
360
353
352
351
350
349
348
347
346
345
342
341
342
342
341
342
342
342
342
342
343
342
342
341
342
344
345
346
346
345
345
346
347
347
348
349
347
348
349
349
350
351
353
354
355
357
357
359
359
360
358
353
347
345
344
343
343
344
344
345
352
373
397
405
406
399
331
234
198
216
249
277
299
315
336
335
335
339
340
342
345
346
347
348
351
353
354
356
359
361
362
364
366
369
371
373
375
376
376
375
374
371
368
363
360
353
352
351
350
349
348
347
346
345
345
342
341
339
340
339
339
340
340
341
342
341
342
343
344
343
344
344
345
346
346
348
347
347
348
348
349
349
349
348
349
348
348
351
354
353
353
354
355
356
358
359
358
353
350
347
344
345
344
344
344
345
348
362
386
401
408
410
386
298
217
202
231
261
283
302
319
336
335
335
339
340
342
345
346
347
348
351
353
354
356
359
361
362
364
366
369
371
373
375
376
376
375
374
371
368
363
360
353
352
351
350
349
348
347
346
345
347
346
344
343
343
342
342
341
342
342
343
344
343
343
345
347
348
347
347
348
346
348
349
349
349
349
349
348
349
349
348
349
352
353
353
352
354
356
359
358
358
356
350
347
345
344
344
344
345
345
348
363
386
403
412
415
400
318
228
199
224
262
289
308
315
331
336
335
335
339
340
342
345
346
347
348
351
353
354
356
359
361
362
364
366
369
371
373
375
376
376
375
374
371
368
363
360
353
352
351
350
349
348
347
346
345
346
344
343
343
343
343
341
342
342
343
342
344
344
344
345
347
348
348
348
348
349
350
349
351
350
350
351
351
351
353
356
356
356
357
357
358
360
360
358
354
350
345
345
346
346
346
347
346
354
374
395
406
412
413
367
272
208
209
244
277
300
312
322
336
335
335
339
340
342
345
346
347
348
351
353
354
356
359
361
362
364
366
369
371
373
375
376
376
375
374
371
368
363
360
353
352
351
350
349
348
347
346
345
346
345
344
344
343
342
342
343
344
343
342
344
346
345
346
346
346
347
349
349
348
350
351
350
350
350
351
355
359
358
358
358
359
360
361
361
358
354
350
347
347
345
346
346
346
349
362
385
400
406
407
396
315
225
200
228
265
289
308
318
332
336
335
335
339
340
342
345
346
347
348
351
353
354
356
359
361
362
364
366
369
371
373
375
376
376
375
374
371
368
363
360
353
352
351
350
349
348
347
346
345
346
344
344
342
342
343
343
343
343
343
344
343
344
344
344
346
347
348
349
348
349
349
349
350
350
352
352
354
357
355
357
359
360
359
361
360
356
353
349
346
347
345
345
346
347
351
370
392
401
401
400
341
244
201
217
253
281
301
313
330
336
335
335
339
340
342
345
346
347
348
351
353
354
356
359
361
362
364
366
369
371
373
375
376
376
375
374
371
368
363
360
353
352
351
350
349
348
347
346
345
343
341
340
340
340
340
340
339
339
340
340
341
340
342
343
343
345
345
345
343
347
345
343
341
342
342
341
340
340
341
341
340
341
341
342
342
344
343
344
344
345
345
346
347
348
348
348
348
348
350
349
349
349
349
349
351
354
354
354
354
355
358
360
361
356
352
348
346
346
346
346
346
347
347
355
377
397
405
407
399
328
237
205
222
254
280
302
317
336
335
335
339
340
342
345
346
347
348
351
353
354
356
359
361
362
364
366
369
371
373
375
376
376
375
374
371
368
363
360
353
352
351
350
349
348
347
346
345
345
342
343
343
342
340
340
342
341
341
341
340
341
341
342
345
347
346
345
346
346
346
346
347
347
346
350
366
389
405
410
410
392
307
220
204
235
270
292
310
321
336
335
335
339
340
342
345
346
347
348
351
353
354
356
359
361
362
364
366
369
371
373
375
376
